7.0
7.0
2.0
5.0
1.0
1.0
1.0
3.0
7.0
6.0
1.0
2.0
1.0
2.0
7.0
2.0
2.0
4.0
4.0
2.0
2.33333333333
3.5
2.33333333333
3.5
1.16666666667
1.16666666667
2.33333333333
7.0
1.16666666667
5.83333333333
1.0
1.0
1.0
1.0
1.0
4.0
2.0
1.0
7.0
3.0
7.0
2.33333333333
5.83333333333
5.83333333333
4.66666666667
2.33333333333
5.83333333333
2.33333333333
2.33333333333
1.16666666667
4.66666666667
1.16666666667
4.66666666667
2.33333333333
1.16666666667
5.83333333333
2.33333333333
5.83333333333
7.0
1.16666666667
1.4
1.4
7.0
7.0
1.4
1.4
7.0
7.0
1.4
1.4
2.0
7.0
4.0
2.0
3.0
3.0
1.0
7.0
6.0
6.0
1.16666666667
1.16666666667
1.16666666667
7.0
1.16666666667
1.16666666667
7.0
1.16666666667
3.5
1.16666666667
7.0
4.2
2.8
1.4
1.4
2.8
1.4
1.4
1.4
1.4
