603,0.0,0.0,80.0,51.0,26.0,8166.0,15383.0,2148.0,2028.0,5249.0,7276.0,1449.0,2066.0,1,3,2,1,1
1503,0.0,0.0,66.0,63.0,54.0,2828.0,15024.0,19166.0,7002.0,5388.0,6191.0,1788.0,2297.0,1,3,2,1,1
2701,0.0,0.0,70.0,53.0,32.0,10604.0,11392.0,4094.0,3737.0,8431.0,12031.0,1745.0,1247.0,1,3,2,1,1
3602,0.0,0.0,54.0,51.0,-291.0,166120.0,103307.0,13204.0,24342.0,4980.0,4171.0,2368.0,1117.0,1,3,2,1,1
4503,0.0,0.0,38.0,53.0,53.0,832981.0,228464.0,30777.0,18437.0,8434.0,11615.0,8809.0,2274.0,1,3,2,1,1
5704,0.0,0.0,40.0,44.0,43.0,11146.0,9322.0,2673.0,6642.0,9698.0,4126.0,1373.0,2423.0,1,3,2,1,1
6600,0.0,0.0,30.0,57.0,56.0,12096.0,3519.0,5615.0,2611.0,3130.0,2264.0,1606.0,1268.0,1,3,2,1,1
7503,0.0,0.0,34.0,54.0,-217.0,162463.0,39812.0,5381.0,5551.0,767.0,1941.0,844.0,399.0,1,3,2,1,1
8704,0.0,0.0,23.0,48.0,34.0,367017.0,165192.0,9048.0,7164.0,4251.0,1097.0,810.0,1070.0,1,3,2,1,1
9600,0.0,0.0,21.0,61.0,49.0,4179.0,3632.0,12218.0,13313.0,5153.0,4593.0,2082.0,2827.0,1,3,2,1,1
10503,0.0,0.0,17.0,63.0,22.0,3463.0,8778.0,6269.0,12859.0,5532.0,3044.0,2960.0,1176.0,1,3,2,1,1
11704,0.0,0.0,35.0,70.0,50.0,7226.0,4914.0,1422.0,8764.0,6184.0,5294.0,2878.0,1384.0,1,3,2,1,1
12602,0.0,0.0,57.0,94.0,-19.0,6212.0,7458.0,7675.0,8856.0,4388.0,4411.0,4407.0,1098.0,1,3,2,1,1
13503,0.0,0.0,61.0,83.0,67.0,2417.0,13712.0,1264.0,12955.0,5030.0,6539.0,3409.0,3286.0,1,3,2,1,1
14704,0.0,0.0,66.0,77.0,74.0,7400.0,14051.0,1998.0,15524.0,8779.0,6822.0,2515.0,2814.0,1,3,2,1,1
15600,0.0,0.0,56.0,78.0,40.0,3272.0,18690.0,11319.0,4911.0,2983.0,3087.0,3655.0,1979.0,1,3,2,1,1
16501,0.0,0.0,61.0,74.0,39.0,4706.0,4642.0,2160.0,4584.0,2083.0,4474.0,3957.0,1607.0,1,3,2,1,1
17702,0.0,0.0,61.0,69.0,12.0,13201.0,8280.0,6074.0,2818.0,13238.0,3981.0,2023.0,2055.0,1,3,2,1,1
18603,0.0,0.0,64.0,74.0,36.0,7908.0,5450.0,7726.0,5421.0,1259.0,7131.0,4438.0,1800.0,1,3,2,1,1
19504,0.0,0.0,77.0,70.0,-5.0,11839.0,6367.0,5390.0,5498.0,4091.0,8107.0,1363.0,1013.0,1,3,2,1,1
20700,0.0,0.0,64.0,78.0,28.0,9023.0,31190.0,5970.0,35654.0,4327.0,4917.0,5376.0,1912.0,1,3,2,1,1
21601,0.0,0.0,64.0,84.0,53.0,17405.0,10314.0,10672.0,5944.0,8370.0,5656.0,3106.0,1424.0,1,3,2,1,1
22497,0.0,0.0,57.0,77.0,8.0,13796.0,17434.0,6474.0,4478.0,5580.0,3754.0,3396.0,1852.0,1,3,2,1,1
24603,0.0,0.0,63.0,75.0,57.0,6855.0,10130.0,5405.0,28292.0,2465.0,8320.0,3643.0,2313.0,1,3,2,1,1
25504,0.0,0.0,60.0,80.0,4.0,9064.0,9152.0,2253.0,20315.0,4471.0,4024.0,1012.0,1000.0,1,3,2,1,1
26401,0.0,0.0,64.0,81.0,70.0,5767.0,9638.0,3261.0,4933.0,5742.0,4900.0,5242.0,2297.0,1,3,2,1,1
27598,0.0,0.0,66.0,90.0,51.0,6418.0,3526.0,650.0,7717.0,3289.0,5636.0,2413.0,1943.0,1,3,2,1,1
28499,0.0,0.0,67.0,88.0,10.0,8186.0,3527.0,13869.0,4210.0,3707.0,5774.0,4113.0,2942.0,1,3,2,1,1
29398,0.0,0.0,75.0,81.0,9.0,11581.0,8833.0,10833.0,3812.0,8427.0,7148.0,2492.0,1838.0,1,3,2,1,1
30601,0.0,0.0,78.0,84.0,64.0,21519.0,1523.0,4994.0,4211.0,6843.0,5510.0,3861.0,3636.0,1,3,2,1,1
31502,0.0,0.0,75.0,91.0,39.0,4320.0,1392.0,3522.0,16410.0,6147.0,6969.0,3850.0,2791.0,1,3,2,1,1
32398,0.0,0.0,75.0,88.0,25.0,6214.0,7204.0,5289.0,10787.0,2091.0,5875.0,1668.0,2199.0,1,3,2,1,1
33599,0.0,0.0,67.0,94.0,26.0,8242.0,6921.0,5766.0,10771.0,4955.0,2569.0,1618.0,1500.0,1,3,2,1,1
34504,0.0,0.0,64.0,100.0,7.0,6135.0,6679.0,5804.0,12486.0,3863.0,7648.0,1782.0,2287.0,1,3,2,1,1
35400,0.0,0.0,67.0,84.0,45.0,1459.0,7376.0,3334.0,4095.0,7931.0,7662.0,2507.0,1813.0,1,3,2,1,1
36598,0.0,0.0,67.0,88.0,3.0,24005.0,4971.0,10702.0,8887.0,3116.0,5708.0,2307.0,4654.0,1,3,2,1,1
37499,0.0,0.0,77.0,84.0,43.0,6128.0,9314.0,7085.0,11020.0,2516.0,9414.0,2590.0,1764.0,1,3,2,1,1
38403,0.0,0.0,74.0,80.0,49.0,3551.0,10083.0,7917.0,4098.0,1841.0,3958.0,4290.0,1904.0,1,3,2,1,1
39599,0.0,0.0,63.0,83.0,-178.0,32950.0,23217.0,5988.0,14365.0,14547.0,5032.0,1475.0,3693.0,1,3,2,1,1
40500,0.0,0.0,54.0,66.0,22.0,166571.0,70295.0,16802.0,9287.0,10264.0,6645.0,3201.0,3364.0,1,3,2,1,1
41399,0.0,0.0,57.0,57.0,67.0,7834.0,10465.0,6553.0,4421.0,5948.0,12750.0,2620.0,2288.0,1,3,2,1,1
42602,0.0,0.0,57.0,56.0,1.0,9946.0,12442.0,7414.0,8330.0,7429.0,5888.0,2214.0,3057.0,1,3,2,1,1
43503,0.0,0.0,66.0,51.0,10.0,4783.0,11927.0,5644.0,3209.0,10531.0,7294.0,1804.0,1766.0,1,3,2,1,1
44400,0.0,0.0,70.0,54.0,24.0,5436.0,7997.0,1095.0,7933.0,10406.0,3240.0,1952.0,2290.0,1,3,2,1,1
45598,0.0,0.0,66.0,64.0,-2.0,6561.0,2801.0,1884.0,11105.0,6136.0,4092.0,1527.0,1802.0,1,3,2,1,1
46504,0.0,0.0,67.0,67.0,-24.0,7392.0,5314.0,7230.0,11726.0,10777.0,5718.0,4585.0,1741.0,1,3,2,1,1
47400,0.0,0.0,66.0,74.0,27.0,20737.0,12531.0,8689.0,4107.0,6973.0,7514.0,1647.0,1231.0,1,3,2,1,1
48600,0.0,0.0,74.0,67.0,11.0,17640.0,7967.0,645.0,3858.0,2258.0,5284.0,2950.0,1303.0,1,3,2,1,1
49500,0.0,0.0,74.0,54.0,55.0,12095.0,15253.0,1726.0,6414.0,7989.0,6519.0,4056.0,2189.0,1,3,2,1,1
50401,0.0,0.0,78.0,48.0,27.0,11473.0,2176.0,162.0,5468.0,5461.0,4006.0,3702.0,4466.0,1,3,2,1,1
51300,0.0,0.0,78.0,51.0,26.0,3460.0,8251.0,11087.0,7176.0,13017.0,8691.0,2435.0,2065.0,1,3,2,1,1
52496,0.0,0.0,74.0,66.0,16.0,7174.0,7087.0,6888.0,13176.0,4994.0,5578.0,4853.0,4891.0,1,3,2,1,1
53399,0.0,0.0,80.0,69.0,57.0,18745.0,8057.0,3216.0,5096.0,3721.0,11581.0,2195.0,1676.0,1,3,2,1,1
54300,0.0,0.0,70.0,75.0,32.0,22305.0,7207.0,11640.0,5378.0,10315.0,3136.0,4513.0,1719.0,1,3,2,1,1
55503,0.0,0.0,67.0,66.0,51.0,6721.0,26387.0,896.0,10309.0,3208.0,9495.0,2783.0,3398.0,1,3,2,1,1
56399,0.0,0.0,66.0,63.0,0.0,4940.0,13136.0,15645.0,5863.0,3418.0,4616.0,3702.0,2044.0,1,3,2,1,1
57300,0.0,0.0,60.0,64.0,3.0,9281.0,9541.0,1660.0,6267.0,2289.0,5518.0,3135.0,2066.0,1,3,2,1,1
58502,0.0,0.0,63.0,64.0,34.0,6330.0,10763.0,2714.0,18321.0,5793.0,6335.0,2365.0,2280.0,1,3,2,1,1
59400,0.0,0.0,66.0,67.0,70.0,9856.0,14168.0,3694.0,5701.0,3601.0,9043.0,4888.0,1811.0,1,3,2,1,1
60303,0.0,0.0,69.0,64.0,-9.0,23178.0,9518.0,8420.0,6010.0,5295.0,4624.0,2773.0,2525.0,1,3,2,1,1
61500,0.0,0.0,77.0,64.0,32.0,7438.0,5121.0,6365.0,1414.0,2487.0,10850.0,2447.0,3571.0,1,3,2,1,1
62401,0.0,0.0,87.0,53.0,27.0,6181.0,6332.0,3842.0,3048.0,4275.0,11011.0,2753.0,1795.0,1,3,2,1,1
63304,0.0,0.0,90.0,47.0,35.0,5913.0,7875.0,689.0,2576.0,2931.0,6470.0,1910.0,1156.0,1,3,2,1,1
64500,0.0,0.0,100.0,23.0,48.0,17205.0,15477.0,1099.0,2722.0,7816.0,16589.0,1652.0,2125.0,1,3,2,1,1
65401,0.0,0.0,96.0,23.0,40.0,12082.0,16315.0,5440.0,9486.0,3682.0,17566.0,4278.0,1599.0,1,3,2,1,1
66302,0.0,0.0,84.0,35.0,33.0,24318.0,15725.0,27233.0,8451.0,14293.0,9759.0,4492.0,2546.0,1,3,2,1,1
67503,0.0,0.0,74.0,35.0,45.0,9067.0,24021.0,4619.0,1174.0,4730.0,3732.0,2910.0,1065.0,1,3,2,1,1
68400,0.0,0.0,74.0,50.0,40.0,13606.0,5269.0,2722.0,5089.0,3100.0,10530.0,2477.0,2690.0,1,3,2,1,1
69301,0.0,0.0,66.0,56.0,65.0,22333.0,13677.0,12243.0,7057.0,6403.0,8015.0,2106.0,3111.0,1,3,2,1,1
70502,0.0,0.0,74.0,48.0,36.0,12815.0,12007.0,5911.0,4092.0,5435.0,8205.0,2319.0,1663.0,1,3,2,1,1
71403,0.0,0.0,78.0,61.0,19.0,3588.0,5629.0,3321.0,7094.0,6356.0,4037.0,4545.0,1521.0,1,3,2,1,1
72299,0.0,0.0,70.0,66.0,38.0,3339.0,8121.0,2855.0,10659.0,4107.0,7169.0,478.0,2050.0,1,3,2,1,1
73500,0.0,0.0,75.0,70.0,38.0,5901.0,8679.0,18327.0,12848.0,7074.0,13206.0,4733.0,5386.0,1,3,2,1,1
74401,0.0,0.0,66.0,84.0,45.0,3214.0,7739.0,10530.0,13232.0,4227.0,5046.0,2821.0,2079.0,1,3,2,1,1
75299,0.0,0.0,64.0,87.0,9.0,18368.0,12431.0,8050.0,8672.0,5092.0,6774.0,5154.0,3258.0,1,3,2,1,1
76200,0.0,0.0,69.0,87.0,41.0,9626.0,4282.0,7480.0,722.0,1219.0,8293.0,2164.0,2117.0,1,3,2,1,1
77401,0.0,0.0,61.0,74.0,25.0,9968.0,26479.0,10177.0,3131.0,6310.0,4977.0,2498.0,6308.0,1,3,2,1,1
78302,0.0,0.0,69.0,54.0,33.0,2331.0,7832.0,1075.0,3167.0,5287.0,5257.0,7809.0,3817.0,1,3,2,1,1
79503,0.0,0.0,64.0,43.0,37.0,20425.0,28232.0,6447.0,3977.0,4353.0,4557.0,1838.0,1836.0,1,3,2,1,1
80400,0.0,0.0,61.0,40.0,42.0,7158.0,5991.0,7159.0,946.0,4126.0,6250.0,4974.0,3464.0,1,3,2,1,1
81301,0.0,0.0,66.0,44.0,27.0,6425.0,7090.0,3643.0,3577.0,5164.0,3346.0,1642.0,1066.0,1,3,2,1,1
82202,0.0,0.0,56.0,51.0,24.0,7838.0,16670.0,5653.0,7559.0,5355.0,3641.0,2839.0,4078.0,1,3,2,1,1
83403,0.0,0.0,64.0,64.0,11.0,13682.0,5974.0,5975.0,4618.0,1048.0,5323.0,4759.0,1293.0,1,3,2,1,1
84299,0.0,0.0,56.0,70.0,45.0,4662.0,8112.0,16572.0,7871.0,10204.0,4699.0,3593.0,5663.0,1,3,2,1,1
85200,0.0,0.0,57.0,83.0,37.0,15915.0,2145.0,9976.0,3897.0,4254.0,4968.0,2588.0,3021.0,1,3,2,1,1
86400,0.0,0.0,57.0,91.0,22.0,33700.0,6285.0,10147.0,11909.0,9938.0,3503.0,2772.0,1136.0,1,3,2,1,1
87301,0.0,0.0,54.0,83.0,9.0,9882.0,12528.0,8025.0,1609.0,7669.0,4035.0,8395.0,3776.0,1,3,2,1,1
88202,0.0,0.0,51.0,83.0,34.0,21870.0,20299.0,9532.0,21966.0,9782.0,6028.0,2669.0,1839.0,1,3,2,1,1
89403,0.0,0.0,44.0,74.0,55.0,21277.0,22023.0,9148.0,7261.0,7391.0,5451.0,2602.0,3351.0,1,3,2,1,1
90299,0.0,0.0,51.0,66.0,57.0,18295.0,11120.0,10044.0,2372.0,3177.0,8079.0,1156.0,2561.0,1,3,2,1,1
91200,0.0,0.0,53.0,77.0,26.0,14307.0,8122.0,12539.0,3532.0,1230.0,5381.0,2059.0,1672.0,1,3,2,1,1
92401,0.0,0.0,61.0,75.0,26.0,14741.0,8842.0,8327.0,7285.0,6532.0,6823.0,1181.0,2626.0,1,3,2,1,1
93302,0.0,0.0,69.0,78.0,23.0,10550.0,5359.0,4148.0,5384.0,3113.0,5246.0,3951.0,1178.0,1,3,2,1,1
94199,0.0,0.0,63.0,75.0,16.0,17298.0,15273.0,2397.0,5167.0,1892.0,3141.0,2490.0,1416.0,1,3,2,1,1
95400,0.0,0.0,63.0,67.0,-2.0,15885.0,5833.0,5682.0,6269.0,7034.0,4336.0,4633.0,1224.0,1,3,2,1,1
96301,0.0,0.0,57.0,64.0,56.0,23688.0,18393.0,6291.0,12568.0,9271.0,6267.0,2124.0,1889.0,1,3,2,1,1
97202,0.0,0.0,57.0,57.0,22.0,18461.0,4367.0,1380.0,5961.0,9021.0,3898.0,1101.0,1642.0,1,3,2,1,1
98398,0.0,0.0,57.0,66.0,32.0,3722.0,12615.0,7093.0,9847.0,1567.0,5195.0,1572.0,1709.0,1,3,2,1,1
99300,0.0,0.0,54.0,70.0,56.0,7107.0,7498.0,8997.0,5560.0,5645.0,3136.0,4891.0,2142.0,1,3,2,1,1
100201,0.0,0.0,53.0,77.0,55.0,5366.0,11552.0,6743.0,9909.0,5946.0,2914.0,1754.0,1341.0,1,3,2,1,1
101096,0.0,0.0,48.0,83.0,55.0,8498.0,8797.0,3093.0,6959.0,2827.0,3618.0,532.0,989.0,1,3,2,1,1
102303,0.0,0.0,50.0,81.0,61.0,4933.0,8605.0,3907.0,6489.0,2978.0,3726.0,4578.0,692.0,1,3,2,1,1
103199,0.0,0.0,51.0,77.0,64.0,16227.0,9261.0,1482.0,12947.0,8532.0,5299.0,3025.0,2784.0,1,3,2,1,1
104099,0.0,0.0,54.0,64.0,43.0,3147.0,23450.0,11883.0,2556.0,12308.0,5949.0,3339.0,976.0,1,3,2,1,1
105299,0.0,0.0,51.0,66.0,34.0,28256.0,11841.0,10981.0,3052.0,1420.0,4002.0,1816.0,947.0,1,3,2,1,1
106200,0.0,0.0,53.0,69.0,-5.0,11447.0,7034.0,9364.0,7269.0,7564.0,4274.0,3454.0,2774.0,1,3,2,1,1
107100,0.0,0.0,54.0,53.0,1.0,8257.0,25461.0,5116.0,1019.0,2622.0,8057.0,2754.0,2304.0,1,3,2,1,1
108303,0.0,0.0,63.0,53.0,59.0,9540.0,7354.0,3218.0,3627.0,7054.0,6082.0,3203.0,2308.0,1,3,2,1,1
109199,0.0,0.0,66.0,44.0,33.0,17445.0,9497.0,4687.0,1951.0,5907.0,3991.0,1987.0,1934.0,1,3,2,1,1
110099,0.0,0.0,63.0,41.0,6.0,11025.0,17663.0,9541.0,7283.0,4099.0,4888.0,2112.0,1515.0,1,3,2,1,1
111301,0.0,0.0,53.0,67.0,35.0,22500.0,10284.0,15169.0,6596.0,874.0,2418.0,3099.0,1057.0,1,3,2,1,1
112202,0.0,0.0,43.0,66.0,82.0,19147.0,21821.0,1815.0,8014.0,8525.0,4435.0,1292.0,1247.0,1,3,2,1,1
113097,0.0,0.0,44.0,63.0,3.0,7612.0,23559.0,2502.0,8445.0,4273.0,10819.0,2286.0,642.0,1,3,2,1,1
114299,0.0,0.0,26.0,43.0,52.0,396065.0,223306.0,7246.0,19618.0,17549.0,4203.0,2976.0,1206.0,1,3,2,1,1
115198,0.0,0.0,29.0,24.0,24.0,8810.0,33772.0,2168.0,20502.0,34011.0,5545.0,2303.0,1027.0,1,3,2,1,1
116100,0.0,0.0,24.0,50.0,40.0,3024.0,3586.0,2384.0,23070.0,3010.0,2742.0,3064.0,909.0,1,3,2,1,1
117299,0.0,0.0,20.0,69.0,-3.0,7487.0,6654.0,865.0,29042.0,4210.0,5460.0,4707.0,1530.0,1,3,2,1,1
118200,0.0,0.0,38.0,90.0,65.0,14824.0,13366.0,2496.0,10308.0,2292.0,4129.0,2068.0,1981.0,1,3,2,1,1
119100,0.0,0.0,44.0,91.0,8.0,6297.0,14518.0,6339.0,4262.0,6388.0,4687.0,2107.0,1754.0,1,3,2,1,1
120302,0.0,0.0,57.0,74.0,22.0,10771.0,11295.0,7440.0,8724.0,5272.0,12783.0,2967.0,3300.0,1,3,2,1,1
121203,0.0,0.0,64.0,47.0,32.0,10286.0,12169.0,1117.0,3921.0,9681.0,5969.0,1844.0,677.0,1,3,2,1,1
122103,0.0,0.0,61.0,41.0,69.0,19099.0,19799.0,9497.0,1350.0,4011.0,3476.0,2226.0,3043.0,1,3,2,1,1
