697,0.0,0.0,47.0,23.0,-58.0,587813.0,276755.0,47356.0,13611.0,18425.0,112767.0,55090.0,6949.0,6,4,2,3
1600,0.0,0.0,48.0,37.0,18.0,264810.0,7319.0,1347.0,1468.0,1754.0,2469.0,2389.0,1271.0,6,4,2,3
3698,0.0,0.0,56.0,44.0,84.0,1817666.0,259465.0,22213.0,71445.0,69577.0,105431.0,141042.0,29641.0,6,4,2,3
4600,0.0,0.0,50.0,50.0,-24.0,821687.0,143836.0,33747.0,24584.0,40563.0,27901.0,20353.0,9265.0,6,4,2,3
5500,0.0,0.0,40.0,51.0,-68.0,242816.0,146001.0,50443.0,2625.0,9570.0,15659.0,12204.0,11630.0,6,4,2,3
6398,0.0,0.0,34.0,41.0,50.0,959252.0,112919.0,6242.0,7836.0,6310.0,12317.0,15924.0,4350.0,6,4,2,3
7599,0.0,0.0,23.0,53.0,38.0,922691.0,333224.0,184451.0,139707.0,13783.0,54284.0,26299.0,32400.0,6,4,2,3
8497,0.0,0.0,21.0,51.0,109.0,169733.0,52272.0,12774.0,4658.0,5475.0,8867.0,45725.0,5557.0,6,4,2,3
9398,0.0,0.0,27.0,54.0,-76.0,1202987.0,161495.0,77222.0,28338.0,20339.0,45577.0,21255.0,16799.0,6,4,2,3
10599,0.0,0.0,37.0,69.0,105.0,33577.0,11125.0,7648.0,1738.0,648.0,5643.0,2689.0,980.0,6,4,2,3
11500,0.0,0.0,44.0,70.0,89.0,63133.0,12756.0,12818.0,6149.0,2044.0,6174.0,4615.0,1109.0,6,4,2,3
12697,0.0,0.0,35.0,64.0,28.0,676343.0,826317.0,76939.0,33394.0,62740.0,34632.0,80925.0,14775.0,6,4,2,3
13603,0.0,0.0,29.0,63.0,-46.0,1162415.0,649500.0,129777.0,221773.0,90690.0,95418.0,72384.0,33277.0,6,4,2,3
14499,0.0,0.0,29.0,63.0,33.0,288236.0,121.0,25.0,317.0,694.0,519.0,214.0,81.0,6,4,2,3
15400,0.0,0.0,29.0,63.0,-68.0,74528.0,44871.0,2788.0,1975.0,992.0,1565.0,1708.0,748.0,6,4,2,3
16601,0.0,0.0,29.0,63.0,69.0,545366.0,160277.0,304340.0,92843.0,22182.0,50318.0,14695.0,15992.0,6,4,2,3
17497,0.0,0.0,14.0,56.0,-71.0,298313.0,234443.0,27649.0,40937.0,12836.0,16821.0,28966.0,15167.0,6,4,2,3
18398,0.0,0.0,10.0,34.0,-11.0,182939.0,100926.0,875.0,7090.0,23134.0,12788.0,4851.0,6447.0,6,4,2,3
19598,0.0,0.0,21.0,43.0,150.0,379931.0,91727.0,7973.0,33202.0,12517.0,16603.0,24430.0,10394.0,6,4,2,3
20499,0.0,0.0,17.0,37.0,156.0,43644.0,33058.0,4270.0,3049.0,1914.0,2671.0,3857.0,1477.0,6,4,2,3
21401,0.0,0.0,26.0,40.0,34.0,398425.0,84511.0,34219.0,10801.0,18914.0,17699.0,15827.0,8938.0,6,4,2,3
22601,0.0,0.0,35.0,54.0,168.0,443092.0,72962.0,37050.0,13731.0,29177.0,33064.0,34259.0,4145.0,6,4,2,3
23502,0.0,0.0,44.0,56.0,8.0,1082479.0,21918.0,3740.0,14282.0,6225.0,13507.0,17251.0,6944.0,6,4,2,3
24402,0.0,0.0,51.0,56.0,-39.0,1068753.0,262454.0,42871.0,15223.0,19254.0,40968.0,70221.0,24895.0,6,4,2,3
25597,0.0,0.0,60.0,61.0,41.0,194450.0,29385.0,18535.0,18906.0,3559.0,25461.0,20912.0,3797.0,6,4,2,3
26500,0.0,0.0,43.0,53.0,-89.0,610881.0,170524.0,25664.0,1575.0,23860.0,9199.0,17815.0,6949.0,6,4,2,3
27401,0.0,0.0,26.0,48.0,74.0,169314.0,33288.0,6966.0,845.0,3375.0,2625.0,6038.0,2417.0,6,4,2,3
28597,0.0,0.0,16.0,56.0,128.0,654419.0,116539.0,50959.0,37232.0,11432.0,8388.0,22612.0,5190.0,6,4,2,3
29503,0.0,0.0,7.0,50.0,109.0,1131002.0,300616.0,52970.0,65322.0,41347.0,51419.0,106017.0,9744.0,6,4,2,3
30399,0.0,0.0,10.0,40.0,105.0,292247.0,64972.0,982.0,1650.0,1654.0,4351.0,3129.0,873.0,6,4,2,3
31295,0.0,0.0,29.0,37.0,23.0,88054.0,7479.0,1452.0,618.0,1812.0,5371.0,7911.0,1034.0,6,4,2,3
32503,0.0,0.0,44.0,14.0,-69.0,1262195.0,354375.0,11297.0,12341.0,33118.0,80270.0,68064.0,17724.0,6,4,2,3
33399,0.0,0.0,44.0,13.0,-36.0,1220490.0,423369.0,95835.0,42024.0,38255.0,77992.0,69040.0,19116.0,6,4,2,3
34300,0.0,0.0,67.0,24.0,56.0,101383.0,57893.0,3210.0,16989.0,36472.0,53640.0,79281.0,17528.0,6,4,2,3
35499,0.0,0.0,64.0,30.0,-1.0,255715.0,28712.0,14734.0,5202.0,3653.0,16925.0,24674.0,2306.0,6,4,2,3
36399,0.0,0.0,66.0,51.0,-81.0,458250.0,21843.0,6774.0,9508.0,3937.0,10056.0,10236.0,6375.0,6,4,2,3
37299,0.0,0.0,57.0,43.0,-130.0,49369.0,35622.0,1383.0,2455.0,718.0,2415.0,3483.0,1904.0,6,4,2,3
38500,0.0,0.0,54.0,47.0,77.0,993562.0,124854.0,15999.0,21540.0,28511.0,69313.0,55979.0,14474.0,6,4,2,3
39401,0.0,0.0,44.0,40.0,-29.0,258503.0,290570.0,52426.0,16923.0,38262.0,43073.0,23830.0,18919.0,6,4,2,3
40302,0.0,0.0,43.0,35.0,140.0,94366.0,57081.0,2664.0,16599.0,2510.0,15217.0,6706.0,7145.0,6,4,2,3
41503,0.0,0.0,48.0,50.0,53.0,248770.0,247662.0,138823.0,21735.0,23601.0,47448.0,38013.0,42517.0,6,4,2,3
42399,0.0,0.0,41.0,53.0,76.0,2206606.0,221162.0,67257.0,34158.0,62384.0,65893.0,42664.0,8459.0,6,4,2,3
43300,0.0,0.0,57.0,54.0,93.0,139264.0,29319.0,10090.0,12350.0,21991.0,40732.0,66196.0,16866.0,6,4,2,3
44501,0.0,0.0,53.0,64.0,153.0,735766.0,158608.0,86087.0,61452.0,34017.0,33634.0,55752.0,23909.0,6,4,2,3
45400,0.0,0.0,66.0,57.0,61.0,318032.0,89032.0,20928.0,12538.0,9927.0,54217.0,28213.0,23216.0,6,4,2,3
46301,0.0,0.0,74.0,57.0,43.0,1078285.0,16225.0,8291.0,2956.0,4196.0,13242.0,11392.0,3705.0,6,4,2,3
47501,0.0,0.0,50.0,53.0,59.0,240769.0,454835.0,31885.0,38457.0,8178.0,40062.0,63935.0,15239.0,6,4,2,3
48397,0.0,0.0,56.0,48.0,22.0,2311485.0,139933.0,32682.0,52895.0,13552.0,55017.0,19074.0,14664.0,6,4,2,3
49298,0.0,0.0,47.0,44.0,-54.0,635374.0,114038.0,16095.0,6551.0,16733.0,18516.0,6723.0,4277.0,6,4,2,3
50499,0.0,0.0,48.0,44.0,118.0,557205.0,66769.0,21612.0,24172.0,17787.0,66593.0,38974.0,25209.0,6,4,2,3
51400,0.0,0.0,51.0,47.0,123.0,267453.0,184135.0,25709.0,9402.0,16390.0,21550.0,64270.0,7065.0,6,4,2,3
52301,0.0,0.0,50.0,37.0,-44.0,1578372.0,211963.0,32371.0,5387.0,17628.0,46940.0,66707.0,52263.0,6,4,2,3
53502,0.0,0.0,56.0,29.0,48.0,338610.0,111379.0,4459.0,6347.0,14254.0,37887.0,10831.0,10775.0,6,4,2,3
54398,0.0,0.0,47.0,37.0,44.0,2561495.0,108093.0,60186.0,49205.0,27369.0,47630.0,51514.0,8504.0,6,4,2,3
55301,0.0,0.0,54.0,41.0,12.0,620989.0,109861.0,37278.0,17557.0,18989.0,42198.0,27086.0,15870.0,6,4,2,3
56201,0.0,0.0,50.0,56.0,-21.0,1619267.0,77483.0,68454.0,20786.0,27901.0,16435.0,24156.0,19057.0,6,4,2,3
57400,0.0,0.0,50.0,69.0,55.0,716119.0,154465.0,74192.0,19414.0,29154.0,85313.0,36150.0,48516.0,6,4,2,3
58299,0.0,0.0,51.0,60.0,74.0,337561.0,119085.0,32630.0,6660.0,24543.0,37129.0,31966.0,41705.0,6,4,2,3
59199,0.0,0.0,43.0,54.0,8.0,682102.0,109504.0,17918.0,6535.0,13661.0,13859.0,14663.0,4981.0,6,4,2,3
60402,0.0,0.0,47.0,50.0,-195.0,592990.0,39088.0,12492.0,5503.0,1778.0,8170.0,14921.0,8665.0,6,4,2,3
61302,0.0,0.0,44.0,51.0,32.0,1028511.0,204681.0,51497.0,87620.0,25237.0,88873.0,41723.0,34720.0,6,4,2,3
62203,0.0,0.0,27.0,54.0,-17.0,377645.0,250983.0,49847.0,27548.0,16579.0,15290.0,8594.0,10354.0,6,4,2,3
63402,0.0,0.0,26.0,53.0,-134.0,1511816.0,464244.0,49478.0,34991.0,47575.0,46645.0,129072.0,84001.0,6,4,2,3
64302,0.0,0.0,23.0,64.0,69.0,361594.0,57607.0,91397.0,22438.0,4539.0,18157.0,22665.0,17051.0,6,4,2,3
65197,0.0,0.0,30.0,63.0,44.0,388042.0,20087.0,14346.0,5328.0,4024.0,22825.0,51086.0,4293.0,6,4,2,3
66400,0.0,0.0,47.0,74.0,-130.0,2288027.0,109429.0,98931.0,72193.0,40445.0,62149.0,86928.0,23723.0,6,4,2,3
67301,0.0,0.0,66.0,81.0,4.0,723623.0,72046.0,52744.0,17300.0,7535.0,104680.0,102093.0,22214.0,6,4,2,3
68201,0.0,0.0,60.0,61.0,119.0,1803415.0,168946.0,16540.0,9822.0,16075.0,9896.0,17077.0,2623.0,6,4,2,3
69401,0.0,0.0,51.0,63.0,131.0,1683654.0,191088.0,82872.0,53364.0,17686.0,69352.0,93798.0,36011.0,6,4,2,3
70302,0.0,0.0,47.0,57.0,-195.0,1020271.0,64421.0,22536.0,17636.0,8987.0,14004.0,19858.0,4234.0,6,4,2,3
71197,0.0,0.0,30.0,48.0,-29.0,339093.0,340248.0,29360.0,22688.0,32236.0,53024.0,97043.0,21770.0,6,4,2,3
72399,0.0,0.0,30.0,44.0,49.0,299478.0,214094.0,16968.0,7130.0,3987.0,11349.0,16342.0,6784.0,6,4,2,3
73300,0.0,0.0,29.0,34.0,-147.0,265760.0,61614.0,4673.0,5975.0,8926.0,13899.0,16392.0,4157.0,6,4,2,3
74201,0.0,0.0,26.0,24.0,-75.0,3224853.0,632673.0,81694.0,43354.0,44880.0,66165.0,81295.0,26401.0,6,4,2,3
75400,0.0,0.0,37.0,41.0,-36.0,814434.0,36478.0,52762.0,69392.0,33132.0,59745.0,33934.0,32489.0,6,4,2,3
76296,0.0,0.0,54.0,47.0,181.0,501266.0,124397.0,11790.0,20877.0,30225.0,58560.0,53238.0,23202.0,6,4,2,3
77201,0.0,0.0,47.0,47.0,11.0,609468.0,208344.0,26400.0,4383.0,14868.0,19908.0,8743.0,5298.0,6,4,2,3
78398,0.0,0.0,43.0,43.0,38.0,539017.0,520466.0,48659.0,24051.0,18712.0,43322.0,46598.0,23760.0,6,4,2,3
79299,0.0,0.0,30.0,37.0,-151.0,99011.0,52648.0,20434.0,6968.0,8641.0,8499.0,8244.0,4347.0,6,4,2,3
80199,0.0,0.0,14.0,35.0,17.0,557661.0,97560.0,6846.0,11386.0,22440.0,6976.0,16080.0,3154.0,6,4,2,3
81102,0.0,0.0,34.0,40.0,55.0,1206062.0,73226.0,3660.0,26830.0,9518.0,58352.0,41927.0,24916.0,6,4,2,3
82299,0.0,0.0,53.0,50.0,26.0,564672.0,14166.0,7096.0,9635.0,5627.0,19336.0,9803.0,5944.0,6,4,2,3
83199,0.0,0.0,48.0,43.0,-38.0,747531.0,429929.0,26951.0,48728.0,11404.0,35088.0,25237.0,16807.0,6,4,2,3
84401,0.0,0.0,60.0,41.0,41.0,863283.0,571820.0,65454.0,24327.0,40195.0,126870.0,68219.0,14776.0,6,4,2,3
85302,0.0,0.0,50.0,47.0,-181.0,1240833.0,171580.0,93214.0,6833.0,20174.0,59061.0,77384.0,15396.0,6,4,2,3
86197,0.0,0.0,35.0,37.0,96.0,585832.0,247339.0,33617.0,13637.0,21322.0,35364.0,41252.0,26106.0,6,4,2,3
87103,0.0,0.0,54.0,38.0,104.0,1230740.0,165605.0,26158.0,33560.0,19701.0,113852.0,36018.0,12727.0,6,4,2,3
88300,0.0,0.0,37.0,35.0,-26.0,1152797.0,596751.0,31288.0,14043.0,20244.0,16913.0,41235.0,11239.0,6,4,2,3
89200,0.0,0.0,30.0,27.0,562.0,693655.0,388761.0,42547.0,31729.0,24668.0,56557.0,29465.0,6524.0,6,4,2,3
90099,0.0,0.0,29.0,30.0,321.0,1314046.0,36097.0,13028.0,5092.0,38636.0,6591.0,7341.0,1836.0,6,4,2,3
91301,0.0,0.0,17.0,37.0,16.0,906115.0,35721.0,9248.0,5814.0,3593.0,7320.0,2177.0,4098.0,6,4,2,3
92202,0.0,0.0,20.0,29.0,-4.0,307411.0,741874.0,4955.0,22323.0,33489.0,23041.0,37547.0,7727.0,6,4,2,3
93102,0.0,0.0,13.0,40.0,24.0,1134470.0,156265.0,78965.0,14098.0,7883.0,13450.0,31900.0,18831.0,6,4,2,3
94299,0.0,0.0,10.0,43.0,35.0,1303918.0,170981.0,68438.0,25508.0,55637.0,25721.0,74329.0,19298.0,6,4,2,3
95199,0.0,0.0,14.0,44.0,52.0,1995158.0,95757.0,33140.0,43449.0,49735.0,48064.0,67959.0,19646.0,6,4,2,3
96100,0.0,0.0,38.0,64.0,-2.0,1057077.0,85253.0,23782.0,27036.0,29616.0,56219.0,32341.0,25595.0,6,4,2,3
97303,0.0,0.0,43.0,57.0,-70.0,983561.0,408268.0,73047.0,49538.0,14162.0,47428.0,60168.0,43369.0,6,4,2,3
98198,0.0,0.0,57.0,57.0,8.0,858523.0,17381.0,8223.0,6128.0,5337.0,14611.0,13450.0,5682.0,6,4,2,3
99099,0.0,0.0,51.0,57.0,97.0,2069695.0,223964.0,11762.0,116027.0,41416.0,47825.0,115709.0,26584.0,6,4,2,3
100301,0.0,0.0,51.0,47.0,-7.0,554161.0,106207.0,6868.0,8297.0,31749.0,44537.0,62702.0,21367.0,6,4,2,3
101202,0.0,0.0,51.0,51.0,59.0,689724.0,62806.0,29248.0,8430.0,24013.0,8776.0,29748.0,9335.0,6,4,2,3
102102,0.0,0.0,34.0,40.0,70.0,1291215.0,638300.0,29990.0,52593.0,56159.0,45282.0,66732.0,12457.0,6,4,2,3
103296,0.0,0.0,43.0,35.0,152.0,1719844.0,76689.0,14608.0,16656.0,27039.0,43578.0,62062.0,18163.0,6,4,2,3
104201,0.0,0.0,47.0,37.0,-90.0,1575458.0,237953.0,5693.0,36651.0,57734.0,131248.0,38480.0,17152.0,6,4,2,3
105102,0.0,0.0,60.0,37.0,-180.0,132968.0,113111.0,55545.0,4251.0,6927.0,58530.0,47541.0,27135.0,6,4,2,3
105999,0.0,0.0,77.0,50.0,38.0,1519635.0,76825.0,75922.0,38186.0,37803.0,78226.0,50802.0,19546.0,6,4,2,3
107201,0.0,0.0,67.0,50.0,4.0,89000.0,11385.0,1978.0,1434.0,1392.0,2475.0,2296.0,930.0,6,4,2,3
108101,0.0,0.0,57.0,61.0,-3.0,570562.0,45285.0,18556.0,9612.0,14590.0,11369.0,12309.0,3321.0,6,4,2,3
109002,0.0,0.0,56.0,56.0,48.0,2265864.0,153168.0,48422.0,10278.0,57577.0,55312.0,76162.0,19970.0,6,4,2,3
110202,0.0,0.0,47.0,56.0,9.0,212076.0,21114.0,17835.0,5047.0,13397.0,6216.0,18187.0,4629.0,6,4,2,3
111098,0.0,0.0,57.0,57.0,84.0,276346.0,10235.0,3729.0,4277.0,11462.0,10718.0,3519.0,1369.0,6,4,2,3
111999,0.0,0.0,57.0,61.0,-38.0,954237.0,104706.0,85620.0,16960.0,41829.0,30912.0,82853.0,24707.0,6,4,2,3
113201,0.0,0.0,61.0,74.0,33.0,458519.0,6869.0,1475.0,19388.0,10522.0,9295.0,5051.0,4987.0,6,4,2,3
114101,0.0,0.0,66.0,63.0,-74.0,331824.0,56589.0,4705.0,15298.0,26361.0,23212.0,12327.0,4995.0,6,4,2,3
114997,0.0,0.0,53.0,69.0,103.0,614483.0,132021.0,42789.0,49881.0,34643.0,28977.0,19067.0,21086.0,6,4,2,3
116197,0.0,0.0,56.0,66.0,-25.0,775495.0,109467.0,56108.0,10962.0,10541.0,38384.0,20217.0,8326.0,6,4,2,3
117103,0.0,0.0,53.0,60.0,59.0,521186.0,256000.0,119940.0,25333.0,44827.0,106236.0,69375.0,35749.0,6,4,2,3
117999,0.0,0.0,44.0,57.0,148.0,267524.0,341793.0,36204.0,20217.0,27945.0,48034.0,33874.0,18213.0,6,4,2,3
119202,0.0,0.0,47.0,50.0,150.0,607486.0,580457.0,96042.0,27600.0,30794.0,108366.0,36282.0,11915.0,6,4,2,3
120098,0.0,0.0,63.0,47.0,140.0,373095.0,30901.0,28269.0,21038.0,17949.0,112261.0,73265.0,11028.0,6,4,2,3
120999,0.0,0.0,53.0,51.0,25.0,307985.0,8747.0,6416.0,2508.0,2916.0,1487.0,2789.0,2909.0,6,4,2,3
122200,0.0,0.0,54.0,57.0,-6.0,1402862.0,54725.0,1920.0,19327.0,7149.0,11367.0,30303.0,3769.0,6,4,2,3
123101,0.0,0.0,56.0,69.0,13.0,317402.0,61957.0,69160.0,17657.0,36534.0,27393.0,70578.0,6240.0,6,4,2,3
124000,0.0,0.0,34.0,69.0,72.0,1616326.0,302720.0,31402.0,91948.0,67674.0,50768.0,43772.0,30642.0,6,4,2,3
125200,0.0,0.0,38.0,56.0,3.0,1175382.0,58708.0,11519.0,1656.0,7594.0,9408.0,23026.0,7952.0,6,4,2,3
126097,0.0,0.0,38.0,60.0,-94.0,360184.0,224520.0,47677.0,81076.0,21971.0,52827.0,29442.0,41282.0,6,4,2,3
126997,0.0,0.0,38.0,51.0,116.0,598258.0,57377.0,5344.0,11804.0,6207.0,14368.0,10925.0,5113.0,6,4,2,3
128198,0.0,0.0,48.0,51.0,48.0,549453.0,51953.0,16352.0,23712.0,32285.0,28744.0,38355.0,8389.0,6,4,2,3
129101,0.0,0.0,48.0,53.0,55.0,80266.0,9265.0,1709.0,1328.0,1422.0,1877.0,1799.0,688.0,6,4,2,3
129997,0.0,0.0,41.0,51.0,4.0,252133.0,133048.0,23953.0,34525.0,28158.0,13851.0,23614.0,9008.0,6,4,2,3
130898,0.0,0.0,51.0,47.0,29.0,15831.0,67143.0,12999.0,4129.0,11209.0,46803.0,34928.0,12793.0,6,4,2,3
132099,0.0,0.0,53.0,47.0,22.0,312566.0,96522.0,6582.0,59081.0,40151.0,56258.0,29387.0,9319.0,6,4,2,3
133000,0.0,0.0,61.0,51.0,-3.0,253613.0,61890.0,25406.0,32395.0,21099.0,50504.0,42349.0,25197.0,6,4,2,3
133897,0.0,0.0,66.0,41.0,53.0,535618.0,165093.0,1163.0,23931.0,25952.0,24230.0,47183.0,21174.0,6,4,2,3
135103,0.0,0.0,47.0,27.0,50.0,231002.0,200732.0,5391.0,1460.0,6965.0,12239.0,4680.0,5718.0,6,4,2,3
135999,0.0,0.0,51.0,27.0,195.0,499908.0,42130.0,36219.0,69304.0,139036.0,90707.0,32076.0,8032.0,6,4,2,3
136900,0.0,0.0,43.0,27.0,55.0,251771.0,18081.0,5946.0,5435.0,1848.0,5182.0,14758.0,6987.0,6,4,2,3
138103,0.0,0.0,48.0,35.0,57.0,844376.0,130031.0,7796.0,36809.0,9620.0,38670.0,38435.0,17166.0,6,4,2,3
138998,0.0,0.0,60.0,54.0,-6.0,55394.0,93813.0,16215.0,19934.0,15376.0,27535.0,59064.0,11195.0,6,4,2,3
139899,0.0,0.0,69.0,41.0,43.0,98828.0,35851.0,1396.0,7299.0,8253.0,64517.0,25540.0,10889.0,6,4,2,3
