698,0.0,0.0,14.0,70.0,43.0,193687.0,61080.0,18629.0,7330.0,1860.0,5997.0,8520.0,4848.0,3,6,6,1
1603,0.0,0.0,26.0,78.0,89.0,356922.0,22311.0,9649.0,5361.0,2212.0,7395.0,11192.0,5888.0,3,6,6,1
3699,0.0,0.0,37.0,64.0,67.0,688658.0,71699.0,43445.0,4488.0,10878.0,30770.0,20675.0,3987.0,3,6,6,1
4600,0.0,0.0,44.0,66.0,106.0,2038853.0,130963.0,27056.0,41243.0,14753.0,29983.0,33610.0,13420.0,3,6,6,1
5501,0.0,0.0,35.0,66.0,-104.0,882431.0,233801.0,102919.0,41130.0,39602.0,23640.0,24558.0,24258.0,3,6,6,1
6699,0.0,0.0,44.0,56.0,-19.0,1505164.0,91418.0,7860.0,18880.0,19394.0,43893.0,12144.0,10002.0,3,6,6,1
7600,0.0,0.0,34.0,53.0,65.0,125719.0,35056.0,6787.0,4767.0,5661.0,3365.0,3523.0,3078.0,3,6,6,1
8496,0.0,0.0,26.0,38.0,-3.0,2215155.0,892182.0,5970.0,85565.0,89965.0,85857.0,49319.0,70846.0,3,6,6,1
9697,0.0,0.0,40.0,37.0,157.0,584668.0,88990.0,28167.0,28443.0,11411.0,38614.0,21861.0,8650.0,3,6,6,1
10603,0.0,0.0,37.0,41.0,-30.0,755070.0,79200.0,9709.0,22077.0,8517.0,26269.0,15990.0,11220.0,3,6,6,1
11499,0.0,0.0,40.0,41.0,42.0,2198912.0,466327.0,143813.0,30807.0,25986.0,62492.0,41596.0,24913.0,3,6,6,1
12700,0.0,0.0,48.0,51.0,34.0,374156.0,63505.0,15041.0,9317.0,8337.0,18482.0,12090.0,8062.0,3,6,6,1
13601,0.0,0.0,41.0,48.0,44.0,150607.0,20142.0,3150.0,3377.0,1168.0,3488.0,2183.0,2135.0,3,6,6,1
14497,0.0,0.0,21.0,44.0,58.0,821254.0,204197.0,41010.0,3638.0,7889.0,6826.0,3967.0,14499.0,3,6,6,1
15698,0.0,0.0,17.0,44.0,56.0,1045858.0,87574.0,20126.0,7574.0,4920.0,8858.0,6964.0,12375.0,3,6,6,1
16599,0.0,0.0,8.0,38.0,109.0,1154269.0,826946.0,74430.0,48045.0,51369.0,80984.0,123704.0,38200.0,3,6,6,1
17500,0.0,0.0,4.0,40.0,113.0,927784.0,119136.0,42730.0,6620.0,17232.0,14785.0,22100.0,6289.0,3,6,6,1
18700,0.0,0.0,23.0,41.0,146.0,875646.0,73913.0,9181.0,14333.0,6330.0,15518.0,15781.0,6973.0,3,6,6,1
19601,0.0,0.0,29.0,37.0,104.0,305505.0,148649.0,8866.0,15998.0,3471.0,25714.0,11157.0,8613.0,3,6,6,1
20502,0.0,0.0,44.0,47.0,144.0,118119.0,15946.0,10094.0,2627.0,4310.0,12149.0,4446.0,674.0,3,6,6,1
21703,0.0,0.0,41.0,43.0,102.0,309124.0,37154.0,4034.0,5649.0,5170.0,2508.0,2864.0,913.0,3,6,6,1
22599,0.0,0.0,30.0,35.0,-25.0,92091.0,68313.0,3746.0,3217.0,7404.0,5410.0,7251.0,3090.0,3,6,6,1
23500,0.0,0.0,29.0,30.0,133.0,1002174.0,251019.0,24356.0,4628.0,8085.0,34077.0,48014.0,4769.0,3,6,6,1
24701,0.0,0.0,16.0,27.0,-81.0,741760.0,31791.0,4539.0,7476.0,7145.0,4332.0,6916.0,4824.0,3,6,6,1
25601,0.0,0.0,17.0,16.0,107.0,1260087.0,324766.0,9021.0,14000.0,7357.0,20293.0,20151.0,7443.0,3,6,6,1
26501,0.0,0.0,20.0,40.0,69.0,378095.0,141659.0,140153.0,43936.0,8549.0,26909.0,18723.0,15915.0,3,6,6,1
27402,0.0,0.0,10.0,38.0,198.0,416004.0,1811549.0,102119.0,49855.0,73754.0,72739.0,61819.0,60873.0,3,6,6,1
28599,0.0,0.0,8.0,54.0,86.0,264642.0,25581.0,52938.0,17430.0,5711.0,7703.0,39711.0,4725.0,3,6,6,1
29500,0.0,0.0,11.0,63.0,58.0,1358366.0,184559.0,17956.0,17364.0,7372.0,18641.0,13486.0,11683.0,3,6,6,1
30401,0.0,0.0,16.0,64.0,57.0,992335.0,28875.0,65098.0,4345.0,13908.0,16053.0,33596.0,6653.0,3,6,6,1
31602,0.0,0.0,30.0,69.0,45.0,676882.0,339580.0,29787.0,26186.0,5748.0,63709.0,13042.0,10860.0,3,6,6,1
32498,0.0,0.0,30.0,51.0,-2.0,137083.0,187039.0,32700.0,27273.0,6483.0,22750.0,26670.0,15161.0,3,6,6,1
33399,0.0,0.0,27.0,56.0,-54.0,2927619.0,463001.0,89560.0,60325.0,29114.0,43337.0,45942.0,47940.0,3,6,6,1
34600,0.0,0.0,27.0,44.0,124.0,483810.0,143465.0,38181.0,24395.0,5390.0,31844.0,21096.0,10275.0,3,6,6,1
35501,0.0,0.0,23.0,51.0,34.0,737759.0,41770.0,5475.0,7670.0,922.0,5487.0,7242.0,2282.0,3,6,6,1
36402,0.0,0.0,30.0,51.0,99.0,896116.0,62509.0,3093.0,21836.0,12185.0,18509.0,15402.0,6506.0,3,6,6,1
37599,0.0,0.0,40.0,56.0,-107.0,567551.0,155277.0,46630.0,51554.0,10349.0,39951.0,51372.0,6393.0,3,6,6,1
38495,0.0,0.0,38.0,38.0,-364.0,173154.0,478849.0,6854.0,23840.0,16179.0,72162.0,29225.0,13988.0,3,6,6,1
39401,0.0,0.0,38.0,38.0,124.0,270416.0,47479.0,3420.0,10970.0,2780.0,6740.0,8137.0,3536.0,3,6,6,1
40602,0.0,0.0,37.0,35.0,35.0,566596.0,301970.0,66198.0,12896.0,42868.0,59180.0,79870.0,61101.0,3,6,6,1
41503,0.0,0.0,26.0,23.0,50.0,1430844.0,288207.0,26401.0,11032.0,7357.0,17590.0,17001.0,13048.0,3,6,6,1
42401,0.0,0.0,20.0,38.0,65.0,1075242.0,836702.0,139462.0,122927.0,84753.0,64518.0,129326.0,45730.0,3,6,6,1
43602,0.0,0.0,17.0,37.0,0.0,761369.0,173144.0,26470.0,17708.0,16676.0,21964.0,52537.0,15103.0,3,6,6,1
44503,0.0,0.0,17.0,40.0,-21.0,1525677.0,422921.0,141118.0,36300.0,63650.0,100927.0,42881.0,75859.0,3,6,6,1
45399,0.0,0.0,20.0,40.0,-87.0,417702.0,432999.0,24325.0,34380.0,21780.0,35407.0,19801.0,10418.0,3,6,6,1
46600,0.0,0.0,21.0,34.0,90.0,561615.0,237654.0,19450.0,22322.0,8214.0,18587.0,50396.0,12211.0,3,6,6,1
47502,0.0,0.0,37.0,38.0,-90.0,614268.0,23894.0,11327.0,5828.0,5849.0,20674.0,27612.0,7882.0,3,6,6,1
48398,0.0,0.0,26.0,38.0,163.0,336169.0,133859.0,30623.0,17055.0,20002.0,10704.0,25334.0,6153.0,3,6,6,1
49599,0.0,0.0,35.0,41.0,97.0,773154.0,77663.0,10899.0,6145.0,13370.0,13612.0,13179.0,5579.0,3,6,6,1
50500,0.0,0.0,38.0,47.0,250.0,937426.0,291281.0,68678.0,28984.0,12747.0,33439.0,16527.0,5549.0,3,6,6,1
51403,0.0,0.0,24.0,50.0,-62.0,345727.0,59497.0,32520.0,4562.0,7404.0,12191.0,17428.0,3670.0,3,6,6,1
52299,0.0,0.0,38.0,44.0,-13.0,748093.0,81027.0,6924.0,12328.0,5729.0,28623.0,19229.0,7293.0,3,6,6,1
53500,0.0,0.0,30.0,43.0,224.0,1138044.0,520574.0,45315.0,47757.0,33600.0,42474.0,64183.0,31851.0,3,6,6,1
54398,0.0,0.0,29.0,35.0,-53.0,706198.0,327365.0,13813.0,25865.0,23361.0,31257.0,25175.0,8727.0,3,6,6,1
55301,0.0,0.0,29.0,26.0,-74.0,192637.0,477272.0,61879.0,54488.0,11599.0,76141.0,58128.0,45935.0,3,6,6,1
56497,0.0,0.0,10.0,13.0,44.0,368635.0,1635021.0,47126.0,16855.0,49506.0,49706.0,37038.0,34999.0,3,6,6,1
57403,0.0,0.0,30.0,23.0,108.0,1121951.0,59958.0,43690.0,22085.0,28317.0,86744.0,57644.0,21221.0,3,6,6,1
58299,0.0,0.0,37.0,27.0,32.0,882709.0,220993.0,39877.0,16679.0,60359.0,42758.0,94739.0,50771.0,3,6,6,1
59499,0.0,0.0,26.0,17.0,35.0,95616.0,142090.0,4478.0,8781.0,12392.0,7008.0,16317.0,12531.0,3,6,6,1
60400,0.0,0.0,51.0,44.0,-7.0,70546.0,9657.0,5901.0,9732.0,5869.0,10996.0,10643.0,4754.0,3,6,6,1
61301,0.0,0.0,34.0,41.0,-85.0,970412.0,339113.0,40650.0,71839.0,29358.0,37585.0,49967.0,39366.0,3,6,6,1
62502,0.0,0.0,29.0,51.0,64.0,95809.0,34166.0,19132.0,1676.0,2313.0,6316.0,13940.0,7496.0,3,6,6,1
63403,0.0,0.0,34.0,61.0,58.0,870044.0,576651.0,124488.0,29660.0,9271.0,46450.0,46206.0,26363.0,3,6,6,1
64299,0.0,0.0,23.0,56.0,-25.0,1540213.0,271379.0,97267.0,30646.0,38008.0,57391.0,51391.0,18374.0,3,6,6,1
65502,0.0,0.0,37.0,48.0,7.0,246683.0,53015.0,3839.0,5458.0,6504.0,23508.0,14658.0,8290.0,3,6,6,1
66403,0.0,0.0,43.0,48.0,16.0,582297.0,84736.0,49799.0,41231.0,43310.0,39506.0,18839.0,26989.0,3,6,6,1
67299,0.0,0.0,54.0,44.0,-49.0,195471.0,52451.0,366.0,12166.0,4176.0,14859.0,5873.0,6287.0,3,6,6,1
68500,0.0,0.0,60.0,47.0,-129.0,481827.0,116851.0,16658.0,60704.0,32444.0,46211.0,44312.0,19042.0,3,6,6,1
69401,0.0,0.0,66.0,60.0,-71.0,864112.0,18600.0,11060.0,14730.0,1320.0,30919.0,9931.0,3915.0,3,6,6,1
70302,0.0,0.0,50.0,53.0,37.0,1168963.0,264938.0,27221.0,42853.0,39949.0,12291.0,65795.0,24528.0,3,6,6,1
71503,0.0,0.0,38.0,57.0,129.0,1978917.0,461232.0,112834.0,98184.0,19211.0,48617.0,31170.0,13158.0,3,6,6,1
72399,0.0,0.0,26.0,53.0,150.0,90783.0,188226.0,23830.0,23377.0,9803.0,18090.0,15496.0,4857.0,3,6,6,1
73300,0.0,0.0,4.0,47.0,-43.0,1482546.0,340228.0,71252.0,29054.0,40762.0,27092.0,54234.0,23106.0,3,6,6,1
74200,0.0,0.0,17.0,48.0,93.0,155320.0,49728.0,9036.0,9776.0,8070.0,12910.0,16793.0,3492.0,3,6,6,1
75402,0.0,0.0,29.0,48.0,-14.0,512405.0,277411.0,95639.0,43733.0,48654.0,87007.0,61468.0,21217.0,3,6,6,1
76303,0.0,0.0,44.0,51.0,112.0,1038049.0,47863.0,22834.0,3363.0,9116.0,28846.0,9786.0,6155.0,3,6,6,1
77198,0.0,0.0,51.0,47.0,50.0,214315.0,179420.0,20731.0,15041.0,7322.0,26680.0,15246.0,4147.0,3,6,6,1
78401,0.0,0.0,53.0,53.0,9.0,458249.0,21832.0,18469.0,5281.0,4281.0,10805.0,8062.0,3910.0,3,6,6,1
79302,0.0,0.0,48.0,47.0,57.0,1101152.0,335428.0,25014.0,41785.0,83374.0,49309.0,84845.0,11726.0,3,6,6,1
80197,0.0,0.0,29.0,47.0,349.0,869178.0,514746.0,80906.0,92375.0,34747.0,33949.0,113535.0,6800.0,3,6,6,1
81403,0.0,0.0,30.0,47.0,84.0,459697.0,21907.0,3395.0,1241.0,3343.0,3375.0,4287.0,1470.0,3,6,6,1
82299,0.0,0.0,23.0,40.0,-13.0,538111.0,89105.0,4440.0,26786.0,11323.0,11699.0,17212.0,6254.0,3,6,6,1
83199,0.0,0.0,29.0,57.0,-33.0,1718035.0,87294.0,128500.0,75110.0,28450.0,79087.0,35898.0,21084.0,3,6,6,1
84401,0.0,0.0,34.0,51.0,52.0,574766.0,141604.0,23207.0,2917.0,10934.0,14120.0,11260.0,5521.0,3,6,6,1
85297,0.0,0.0,44.0,47.0,101.0,401080.0,42280.0,1564.0,5728.0,6516.0,24144.0,6355.0,4897.0,3,6,6,1
86202,0.0,0.0,43.0,43.0,-152.0,1111907.0,448511.0,95872.0,11171.0,46484.0,47415.0,53026.0,8767.0,3,6,6,1
87399,0.0,0.0,41.0,21.0,38.0,918782.0,168868.0,1160.0,21918.0,7028.0,40009.0,47259.0,22612.0,3,6,6,1
88295,0.0,0.0,51.0,26.0,26.0,616599.0,31650.0,7836.0,3978.0,4685.0,11044.0,7724.0,6754.0,3,6,6,1
89202,0.0,0.0,44.0,29.0,-29.0,1258723.0,220871.0,27112.0,18132.0,13806.0,70373.0,24223.0,15428.0,3,6,6,1
90399,0.0,0.0,50.0,24.0,4.0,226683.0,107172.0,948.0,13728.0,3824.0,14655.0,17026.0,4035.0,3,6,6,1
91300,0.0,0.0,50.0,40.0,2.0,2467637.0,110428.0,13334.0,105348.0,67875.0,49173.0,26968.0,12129.0,3,6,6,1
92200,0.0,0.0,43.0,38.0,37.0,214053.0,47462.0,7870.0,4459.0,4509.0,6859.0,7754.0,4360.0,3,6,6,1
93402,0.0,0.0,48.0,47.0,71.0,273333.0,27625.0,13249.0,4655.0,9965.0,18402.0,10930.0,3690.0,3,6,6,1
94298,0.0,0.0,60.0,53.0,118.0,609423.0,29054.0,6455.0,4908.0,3869.0,17053.0,10668.0,3385.0,3,6,6,1
95203,0.0,0.0,56.0,38.0,105.0,913065.0,268586.0,24627.0,15153.0,43347.0,47306.0,19575.0,12307.0,3,6,6,1
96400,0.0,0.0,66.0,44.0,-61.0,39591.0,71642.0,46062.0,31341.0,33872.0,61137.0,44043.0,17093.0,3,6,6,1
97303,0.0,0.0,57.0,37.0,-30.0,146432.0,67593.0,6588.0,4032.0,9821.0,10558.0,13191.0,4446.0,3,6,6,1
98203,0.0,0.0,60.0,30.0,-50.0,978988.0,46371.0,3523.0,11853.0,41320.0,34530.0,25963.0,18547.0,3,6,6,1
99400,0.0,0.0,51.0,30.0,50.0,1969125.0,385798.0,33579.0,23619.0,18189.0,28212.0,19100.0,19362.0,3,6,6,1
100301,0.0,0.0,43.0,24.0,105.0,1584150.0,338362.0,57196.0,36297.0,40009.0,62084.0,43168.0,21308.0,3,6,6,1
101198,0.0,0.0,34.0,27.0,171.0,1234805.0,86869.0,5461.0,10565.0,8373.0,4649.0,9626.0,3350.0,3,6,6,1
102099,0.0,0.0,16.0,30.0,-27.0,812158.0,182136.0,31950.0,16810.0,18037.0,24209.0,44127.0,7983.0,3,6,6,1
103297,0.0,0.0,37.0,41.0,97.0,241681.0,21729.0,11773.0,6621.0,9630.0,21423.0,19848.0,3111.0,3,6,6,1
104202,0.0,0.0,38.0,40.0,72.0,1239284.0,293954.0,51746.0,14815.0,15696.0,59986.0,23610.0,7291.0,3,6,6,1
105103,0.0,0.0,47.0,48.0,98.0,680241.0,329717.0,49866.0,85451.0,25474.0,61025.0,23954.0,8487.0,3,6,6,1
106300,0.0,0.0,47.0,60.0,9.0,883163.0,110555.0,108725.0,15692.0,40539.0,26228.0,31429.0,14072.0,3,6,6,1
107200,0.0,0.0,30.0,61.0,11.0,68124.0,19351.0,7079.0,2242.0,1495.0,3174.0,1815.0,761.0,3,6,6,1
108101,0.0,0.0,43.0,63.0,74.0,56165.0,49202.0,9636.0,19896.0,26615.0,46486.0,49378.0,7299.0,3,6,6,1
109300,0.0,0.0,40.0,53.0,68.0,163554.0,94017.0,3829.0,6708.0,3978.0,7821.0,6993.0,5475.0,3,6,6,1
110200,0.0,0.0,38.0,43.0,92.0,570475.0,228717.0,26448.0,47925.0,33946.0,26870.0,68073.0,34470.0,3,6,6,1
111096,0.0,0.0,23.0,38.0,137.0,1221977.0,264033.0,39342.0,33458.0,13865.0,7543.0,47837.0,13763.0,3,6,6,1
112303,0.0,0.0,13.0,43.0,26.0,1984569.0,60487.0,30372.0,6601.0,15513.0,18259.0,9692.0,4906.0,3,6,6,1
113198,0.0,0.0,16.0,50.0,39.0,2279949.0,298874.0,29016.0,38999.0,15188.0,42247.0,84993.0,13080.0,3,6,6,1
114099,0.0,0.0,21.0,51.0,309.0,643445.0,278749.0,94696.0,30225.0,40198.0,62573.0,92189.0,29281.0,3,6,6,1
115301,0.0,0.0,35.0,61.0,171.0,179478.0,31730.0,21623.0,13912.0,10009.0,5725.0,4606.0,5434.0,3,6,6,1
116201,0.0,0.0,35.0,61.0,33.0,1201026.0,50643.0,32646.0,18222.0,54365.0,20412.0,13255.0,17919.0,3,6,6,1
