700,0.0,0.0,60.0,56.0,96.0,242005.0,34847.0,4578.0,13360.0,5275.0,4852.0,4043.0,1510.0,0,6,2,6,6
1601,0.0,0.0,43.0,40.0,23.0,1774743.0,328326.0,31408.0,40906.0,51095.0,29360.0,52594.0,8924.0,0,6,2,6,6
2802,0.0,0.0,26.0,23.0,89.0,57492.0,209637.0,13486.0,12060.0,12855.0,8081.0,5158.0,2247.0,0,6,2,6,6
3698,0.0,0.0,40.0,37.0,-49.0,1856638.0,464215.0,355619.0,301890.0,81312.0,180586.0,67557.0,20695.0,0,6,2,6,6
4599,0.0,0.0,41.0,47.0,135.0,616225.0,79569.0,44698.0,103921.0,33529.0,26201.0,18091.0,5156.0,0,6,2,6,6
5800,0.0,0.0,47.0,50.0,28.0,1248922.0,957018.0,97560.0,209080.0,131166.0,123360.0,85053.0,35190.0,0,6,2,6,6
6700,0.0,0.0,48.0,70.0,-161.0,2826758.0,809199.0,281878.0,579732.0,308445.0,61525.0,49535.0,47719.0,0,6,2,6,6
7601,0.0,0.0,47.0,64.0,225.0,1855115.0,253180.0,73251.0,124220.0,92707.0,58978.0,12852.0,7033.0,0,6,2,6,6
8798,0.0,0.0,40.0,51.0,59.0,537127.0,63293.0,13422.0,9558.0,9703.0,6135.0,19018.0,5572.0,0,6,2,6,6
9699,0.0,0.0,43.0,57.0,13.0,2385480.0,808955.0,340991.0,211100.0,133335.0,209669.0,55680.0,49064.0,0,6,2,6,6
10600,0.0,0.0,47.0,47.0,28.0,940624.0,266226.0,47063.0,41831.0,15079.0,15778.0,9726.0,5177.0,0,6,2,6,6
11801,0.0,0.0,35.0,35.0,69.0,854212.0,141917.0,17474.0,5906.0,5897.0,10208.0,4442.0,1105.0,0,6,2,6,6
12702,0.0,0.0,40.0,37.0,-40.0,760466.0,141110.0,39902.0,25553.0,21220.0,20811.0,16436.0,6310.0,0,6,2,6,6
13598,0.0,0.0,26.0,24.0,117.0,1629004.0,240354.0,26364.0,24204.0,38292.0,13837.0,8164.0,4609.0,0,6,2,6,6
14799,0.0,0.0,21.0,21.0,-11.0,87277.0,65948.0,10034.0,5466.0,12120.0,2223.0,1693.0,1727.0,0,6,2,6,6
15700,0.0,0.0,14.0,29.0,-227.0,1254781.0,456505.0,89235.0,48076.0,11940.0,21729.0,7953.0,3842.0,0,6,2,6,6
16601,0.0,0.0,10.0,27.0,141.0,184014.0,77887.0,23569.0,2814.0,3745.0,7078.0,2476.0,1175.0,0,6,2,6,6
17802,0.0,0.0,17.0,30.0,-52.0,108681.0,61260.0,5825.0,10248.0,2203.0,7170.0,1892.0,1823.0,0,6,2,6,6
18698,0.0,0.0,35.0,38.0,123.0,607435.0,122303.0,14035.0,63938.0,36603.0,25761.0,9039.0,6210.0,0,6,2,6,6
19601,0.0,0.0,40.0,34.0,93.0,831711.0,83883.0,9639.0,5779.0,2600.0,5078.0,2458.0,1375.0,0,6,2,6,6
20502,0.0,0.0,29.0,29.0,9.0,2362147.0,1079586.0,177952.0,206385.0,393721.0,47117.0,42805.0,31916.0,0,6,2,6,6
21703,0.0,0.0,24.0,23.0,38.0,559557.0,1066166.0,125373.0,31752.0,92696.0,74977.0,47710.0,25415.0,0,6,2,6,6
22599,0.0,0.0,17.0,23.0,73.0,300678.0,210927.0,68770.0,32766.0,15979.0,24375.0,14092.0,2188.0,0,6,2,6,6
23501,0.0,0.0,17.0,44.0,-17.0,445799.0,81549.0,78621.0,52905.0,21773.0,10464.0,7563.0,8027.0,0,6,2,6,6
24697,0.0,0.0,24.0,54.0,-200.0,3164602.0,426951.0,398602.0,46754.0,271555.0,45477.0,18017.0,24390.0,0,6,2,6,6
25600,0.0,0.0,21.0,57.0,123.0,603025.0,1402257.0,170432.0,121047.0,108696.0,74781.0,33871.0,9568.0,0,6,2,6,6
26501,0.0,0.0,21.0,50.0,183.0,699603.0,130261.0,20942.0,9566.0,11836.0,10370.0,4721.0,11428.0,0,6,2,6,6
27702,0.0,0.0,24.0,35.0,80.0,270406.0,224176.0,42612.0,42917.0,17517.0,21902.0,11682.0,9551.0,0,6,2,6,6
28598,0.0,0.0,47.0,37.0,56.0,1307864.0,33084.0,28395.0,25041.0,14801.0,27253.0,7146.0,3185.0,0,6,2,6,6
29499,0.0,0.0,54.0,50.0,-269.0,859018.0,128278.0,84784.0,18153.0,20650.0,24255.0,7098.0,3815.0,0,6,2,6,6
30700,0.0,0.0,60.0,63.0,105.0,1370304.0,108916.0,35238.0,70814.0,29959.0,23277.0,13513.0,4307.0,0,6,2,6,6
31597,0.0,0.0,63.0,53.0,69.0,169163.0,94062.0,10857.0,4001.0,3630.0,8859.0,5038.0,2302.0,0,6,2,6,6
32498,0.0,0.0,40.0,43.0,0.0,910770.0,721576.0,110645.0,146639.0,188269.0,53205.0,18038.0,16903.0,0,6,2,6,6
33699,0.0,0.0,41.0,40.0,19.0,637753.0,134449.0,70624.0,15194.0,23700.0,23409.0,19713.0,8014.0,0,6,2,6,6
34600,0.0,0.0,30.0,29.0,26.0,635878.0,395011.0,81713.0,25384.0,12133.0,23199.0,5560.0,4509.0,0,6,2,6,6
35496,0.0,0.0,20.0,38.0,-27.0,45394.0,72541.0,13768.0,10592.0,4875.0,3282.0,2190.0,996.0,0,6,2,6,6
36697,0.0,0.0,34.0,51.0,28.0,2362080.0,63080.0,89336.0,13348.0,26518.0,25139.0,6769.0,7434.0,0,6,2,6,6
37598,0.0,0.0,27.0,50.0,139.0,688036.0,163473.0,68844.0,12599.0,13202.0,16777.0,5679.0,6796.0,0,6,2,6,6
38499,0.0,0.0,26.0,61.0,89.0,679568.0,41466.0,15847.0,17608.0,5169.0,2682.0,3048.0,2431.0,0,6,2,6,6
39700,0.0,0.0,23.0,56.0,-97.0,477138.0,365824.0,25796.0,46703.0,18197.0,12836.0,6164.0,6999.0,0,6,2,6,6
40601,0.0,0.0,1.0,35.0,161.0,294146.0,104482.0,10440.0,2174.0,3156.0,2821.0,1402.0,1335.0,0,6,2,6,6
41497,0.0,0.0,4.0,24.0,-54.0,930854.0,144959.0,13359.0,18387.0,12892.0,15608.0,9008.0,3962.0,0,6,2,6,6
43598,0.0,0.0,38.0,23.0,164.0,1983851.0,491868.0,9883.0,92183.0,29545.0,59367.0,5833.0,12311.0,0,6,2,6,6
44499,0.0,0.0,53.0,30.0,-52.0,981815.0,1176002.0,209076.0,93842.0,138034.0,127567.0,41951.0,45660.0,0,6,2,6,6
45400,0.0,0.0,43.0,26.0,-103.0,944629.0,55731.0,7536.0,543.0,5385.0,2662.0,3072.0,1253.0,0,6,2,6,6
46601,0.0,0.0,34.0,8.0,-22.0,1873472.0,2145547.0,212520.0,61430.0,65210.0,173041.0,33513.0,44900.0,0,6,2,6,6
47497,0.0,0.0,23.0,17.0,183.0,2023505.0,288398.0,53015.0,70114.0,36412.0,18158.0,18888.0,12222.0,0,6,2,6,6
48398,0.0,0.0,23.0,35.0,-14.0,730293.0,29407.0,62578.0,15601.0,25063.0,8893.0,6556.0,5493.0,0,6,2,6,6
49599,0.0,0.0,30.0,51.0,83.0,268728.0,37247.0,6701.0,20762.0,9827.0,5245.0,2738.0,986.0,0,6,2,6,6
50500,0.0,0.0,47.0,67.0,76.0,441831.0,18588.0,12594.0,2984.0,3557.0,7762.0,2011.0,1542.0,0,6,2,6,6
51401,0.0,0.0,38.0,57.0,88.0,156872.0,912975.0,24305.0,107793.0,28110.0,23161.0,17021.0,4919.0,0,6,2,6,6
52601,0.0,0.0,26.0,40.0,-120.0,839377.0,601805.0,40714.0,97335.0,62704.0,25209.0,15272.0,7746.0,0,6,2,6,6
53497,0.0,0.0,30.0,34.0,128.0,1199104.0,113647.0,18792.0,27676.0,27178.0,17721.0,15385.0,4759.0,0,6,2,6,6
54398,0.0,0.0,26.0,38.0,61.0,2386326.0,260566.0,233259.0,240676.0,160763.0,114860.0,38449.0,12895.0,0,6,2,6,6
55599,0.0,0.0,24.0,34.0,-98.0,475479.0,664564.0,39212.0,31982.0,57007.0,11832.0,3607.0,5699.0,0,6,2,6,6
56500,0.0,0.0,34.0,37.0,41.0,1355390.0,120371.0,38642.0,14342.0,16489.0,12229.0,3530.0,635.0,0,6,2,6,6
57401,0.0,0.0,29.0,48.0,85.0,1014384.0,48217.0,45870.0,15259.0,11495.0,9080.0,4129.0,2731.0,0,6,2,6,6
58602,0.0,0.0,20.0,38.0,21.0,1014424.0,407097.0,188276.0,3762.0,69065.0,44433.0,12565.0,12788.0,0,6,2,6,6
59498,0.0,0.0,37.0,63.0,-2.0,1416242.0,551974.0,521405.0,191534.0,150318.0,74064.0,41457.0,21303.0,0,6,2,6,6
60399,0.0,0.0,27.0,57.0,22.0,1029768.0,290556.0,41027.0,22402.0,37069.0,10998.0,15957.0,4204.0,0,6,2,6,6
61600,0.0,0.0,27.0,48.0,244.0,1121277.0,700815.0,129803.0,190213.0,101150.0,84195.0,65227.0,11551.0,0,6,2,6,6
62501,0.0,0.0,23.0,37.0,409.0,1811564.0,715606.0,20279.0,87012.0,121415.0,33215.0,40813.0,11420.0,0,6,2,6,6
63402,0.0,0.0,20.0,20.0,-123.0,908620.0,134679.0,15067.0,13946.0,12079.0,7651.0,2279.0,1304.0,0,6,2,6,6
64598,0.0,0.0,30.0,29.0,60.0,871641.0,121574.0,38893.0,27822.0,22068.0,14521.0,5792.0,2730.0,0,6,2,6,6
65499,0.0,0.0,20.0,10.0,113.0,1063599.0,220479.0,9370.0,3223.0,8944.0,7498.0,8997.0,2173.0,0,6,2,6,6
66400,0.0,0.0,21.0,7.0,-8.0,1010704.0,706354.0,38671.0,30865.0,101582.0,40381.0,8546.0,5623.0,0,6,2,6,6
67301,0.0,0.0,30.0,8.0,-75.0,1067999.0,271452.0,35506.0,44330.0,34029.0,35484.0,15144.0,8160.0,0,6,2,6,6
68497,0.0,0.0,29.0,1.0,123.0,724340.0,349722.0,13357.0,43056.0,48055.0,27303.0,6728.0,7734.0,0,6,2,6,6
69398,0.0,0.0,26.0,10.0,141.0,349586.0,347238.0,33770.0,37020.0,24382.0,9750.0,2364.0,5146.0,0,6,2,6,6
70300,0.0,0.0,24.0,21.0,-65.0,459183.0,1038815.0,220975.0,82848.0,33894.0,62255.0,17609.0,15857.0,0,6,2,6,6
71498,0.0,0.0,8.0,13.0,-36.0,598727.0,404135.0,28488.0,23007.0,29661.0,12252.0,3057.0,4399.0,0,6,2,6,6
72399,0.0,0.0,10.0,13.0,75.0,928371.0,431157.0,52758.0,11881.0,14234.0,42657.0,9153.0,7619.0,0,6,2,6,6
73300,0.0,0.0,11.0,16.0,135.0,1308159.0,1556742.0,368856.0,37851.0,45050.0,50360.0,39466.0,13726.0,0,6,2,6,6
74501,0.0,0.0,4.0,30.0,-24.0,1229550.0,80562.0,63822.0,49868.0,6061.0,4895.0,9575.0,3241.0,0,6,2,6,6
75397,0.0,0.0,4.0,53.0,-107.0,1003552.0,95049.0,95674.0,18929.0,18411.0,5785.0,13366.0,3882.0,0,6,2,6,6
76303,0.0,0.0,3.0,61.0,154.0,604268.0,123212.0,29478.0,11311.0,11658.0,11779.0,6765.0,2375.0,0,6,2,6,6
77499,0.0,0.0,21.0,69.0,100.0,311043.0,36984.0,21609.0,3430.0,899.0,7938.0,1015.0,1044.0,0,6,2,6,6
78400,0.0,0.0,37.0,53.0,53.0,989019.0,124648.0,12225.0,31804.0,16207.0,15934.0,7682.0,1889.0,0,6,2,6,6
79301,0.0,0.0,60.0,47.0,-57.0,1388891.0,63516.0,27017.0,16323.0,11236.0,20848.0,6127.0,2946.0,0,6,2,6,6
80497,0.0,0.0,66.0,57.0,77.0,842116.0,50606.0,62797.0,10498.0,25124.0,14915.0,6918.0,4267.0,0,6,2,6,6
81398,0.0,0.0,61.0,66.0,140.0,1827778.0,95308.0,131922.0,37999.0,19405.0,22653.0,21965.0,2943.0,0,6,2,6,6
82299,0.0,0.0,63.0,74.0,-3.0,978101.0,18669.0,4886.0,8564.0,3714.0,3647.0,3647.0,1824.0,0,6,2,6,6
83499,0.0,0.0,44.0,74.0,-49.0,1526111.0,125274.0,25269.0,52518.0,14969.0,8531.0,3852.0,4652.0,0,6,2,6,6
84400,0.0,0.0,29.0,75.0,74.0,334026.0,30824.0,22860.0,20476.0,18257.0,2401.0,4334.0,3037.0,0,6,2,6,6
85300,0.0,0.0,23.0,48.0,200.0,314836.0,74485.0,4076.0,3763.0,12117.0,3691.0,2143.0,1355.0,0,6,2,6,6
86501,0.0,0.0,20.0,50.0,-28.0,1140104.0,141183.0,80318.0,43933.0,33326.0,26393.0,5961.0,8125.0,0,6,2,6,6
87402,0.0,0.0,17.0,48.0,-1.0,263247.0,284690.0,112481.0,32695.0,24611.0,17092.0,11957.0,5690.0,0,6,2,6,6
88298,0.0,0.0,35.0,38.0,91.0,2054102.0,93127.0,22272.0,15159.0,8045.0,14646.0,1934.0,4476.0,0,6,2,6,6
89498,0.0,0.0,44.0,44.0,146.0,2124899.0,83252.0,11551.0,3109.0,8307.0,9276.0,13409.0,2029.0,0,6,2,6,6
90398,0.0,0.0,29.0,44.0,-8.0,635453.0,281941.0,210598.0,9478.0,29418.0,14291.0,8336.0,4995.0,0,6,2,6,6
91299,0.0,0.0,41.0,41.0,-126.0,1202003.0,158994.0,36104.0,24022.0,9579.0,23784.0,7175.0,1754.0,0,6,2,6,6
92202,0.0,0.0,41.0,44.0,-151.0,2383736.0,416204.0,229870.0,30867.0,38925.0,70035.0,29417.0,12635.0,0,6,2,6,6
93398,0.0,0.0,24.0,47.0,187.0,138732.0,62970.0,8382.0,2937.0,2720.0,2169.0,1668.0,448.0,0,6,2,6,6
94299,0.0,0.0,40.0,29.0,7.0,944194.0,164382.0,7680.0,22193.0,13301.0,16041.0,7391.0,3358.0,0,6,2,6,6
95200,0.0,0.0,35.0,44.0,18.0,1722156.0,317746.0,369637.0,138665.0,32606.0,58963.0,36052.0,15031.0,0,6,2,6,6
96401,0.0,0.0,16.0,38.0,-30.0,602170.0,209439.0,39378.0,18793.0,18125.0,6182.0,8205.0,5139.0,0,6,2,6,6
97303,0.0,0.0,20.0,40.0,138.0,1607326.0,1510364.0,130746.0,146973.0,46026.0,65186.0,12780.0,13296.0,0,6,2,6,6
98199,0.0,0.0,14.0,56.0,-11.0,1478987.0,77952.0,52993.0,22735.0,13185.0,8453.0,11162.0,5828.0,0,6,2,6,6
99400,0.0,0.0,1.0,30.0,48.0,135475.0,275596.0,27891.0,10720.0,27369.0,6412.0,4540.0,2227.0,0,6,2,6,6
100301,0.0,0.0,14.0,34.0,-13.0,753590.0,971914.0,283251.0,90607.0,73981.0,106737.0,26966.0,22706.0,0,6,2,6,6
101197,0.0,0.0,26.0,50.0,82.0,1634890.0,385962.0,34792.0,360685.0,36515.0,75518.0,35759.0,16873.0,0,6,2,6,6
102398,0.0,0.0,14.0,41.0,312.0,1471188.0,584086.0,199463.0,33746.0,68834.0,15576.0,27852.0,13638.0,0,6,2,6,6
103299,0.0,0.0,27.0,57.0,74.0,855126.0,189733.0,90894.0,61575.0,28517.0,23798.0,7707.0,13432.0,0,6,2,6,6
104200,0.0,0.0,26.0,51.0,10.0,374687.0,21131.0,3015.0,2161.0,6346.0,1616.0,929.0,1112.0,0,6,2,6,6
105401,0.0,0.0,23.0,37.0,92.0,1664463.0,834562.0,34016.0,134012.0,63478.0,87798.0,19744.0,13918.0,0,6,2,6,6
106297,0.0,0.0,43.0,24.0,116.0,940779.0,670772.0,38952.0,63858.0,44021.0,81193.0,29102.0,5606.0,0,6,2,6,6
107198,0.0,0.0,38.0,13.0,13.0,1077810.0,390762.0,77174.0,16991.0,42698.0,21467.0,28776.0,11189.0,0,6,2,6,6
108399,0.0,0.0,35.0,38.0,69.0,595199.0,54170.0,108283.0,37402.0,14021.0,10352.0,6731.0,3193.0,0,6,2,6,6
109300,0.0,0.0,27.0,35.0,53.0,145267.0,38261.0,3631.0,2151.0,4927.0,1895.0,1498.0,1006.0,0,6,2,6,6
110199,0.0,0.0,16.0,29.0,337.0,641274.0,1200059.0,28219.0,73859.0,27523.0,47073.0,22035.0,14170.0,0,6,2,6,6
111400,0.0,0.0,21.0,35.0,54.0,1019696.0,50999.0,17707.0,6344.0,11138.0,5465.0,7052.0,3200.0,0,6,2,6,6
112301,0.0,0.0,14.0,16.0,51.0,737044.0,212202.0,34778.0,33059.0,7654.0,9096.0,5039.0,3649.0,0,6,2,6,6
113197,0.0,0.0,7.0,21.0,71.0,1285435.0,521797.0,75579.0,42497.0,14471.0,13992.0,6775.0,6634.0,0,6,2,6,6
114401,0.0,0.0,23.0,43.0,89.0,375571.0,47669.0,32035.0,12215.0,8707.0,14993.0,12835.0,4749.0,0,6,2,6,6
115297,0.0,0.0,21.0,30.0,60.0,800480.0,157000.0,12002.0,4843.0,9388.0,9930.0,9019.0,5151.0,0,6,2,6,6
116198,0.0,0.0,34.0,37.0,-49.0,1553261.0,119746.0,56266.0,41931.0,16193.0,17447.0,9872.0,4785.0,0,6,2,6,6
117397,0.0,0.0,41.0,41.0,0.0,627054.0,83947.0,14283.0,14606.0,8887.0,5180.0,5579.0,4565.0,0,6,2,6,6
118299,0.0,0.0,23.0,50.0,24.0,310161.0,69623.0,66679.0,33290.0,9103.0,5309.0,9597.0,4548.0,0,6,2,6,6
