00001101000	0.582634588773
00101101000	0.582634588773
11101101000	0.582634588773
11001101000	0.582634588773
10001101000	0.582634588773
10101101000	0.582634588773
01001101000	0.582634588773
01101101000	0.582634588773
01101111000	0.580519547677
01001111000	0.580519547677
11101111000	0.580519547677
00101111000	0.580519547677
10101111000	0.580519547677
00001111000	0.580519547677
11001111000	0.580519547677
10001111000	0.580519547677
01101111001	0.580156542626
01001111001	0.580156542626
11101111001	0.580156542626
00101111001	0.580156542626
10101111001	0.580156542626
00001111001	0.580156542626
11001111001	0.580156542626
10001111001	0.580156542626
10001111010	0.579593813175
01001111010	0.579593813175
11101111010	0.579593813175
10101111010	0.579593813175
00001111010	0.579593813175
00101111010	0.579593813175
11001111010	0.579593813175
01101111010	0.579593813175
11010000001	0.578171098226
10010000001	0.578171098226
01010000001	0.578171098226
00110000001	0.578171098226
00010000001	0.578171098226
10110000001	0.578171098226
11110000001	0.578171098226
01110000001	0.578171098226
01010100001	0.577992483159
10110100001	0.577992483159
01110100001	0.577992483159
00110100001	0.577992483159
11010100001	0.577992483159
10010100001	0.577992483159
11110100001	0.577992483159
00010100001	0.577992483159
11010000000	0.577913674855
10010000000	0.577913674855
01010000000	0.577913674855
00110000000	0.577913674855
00010000000	0.577913674855
10110000000	0.577913674855
11110000000	0.577913674855
01110000000	0.577913674855
01010100000	0.577733763152
10110100000	0.577733763152
01110100000	0.577733763152
00110100000	0.577733763152
11010100000	0.577733763152
10010100000	0.577733763152
11110100000	0.577733763152
00010100000	0.577733763152
10010101010	0.577546847178
01110101010	0.577546847178
01010101010	0.577546847178
11010101010	0.577546847178
00110101010	0.577546847178
00010101010	0.577546847178
10110101010	0.577546847178
11110101010	0.577546847178
00001101001	0.571806009008
00101101001	0.571806009008
11101101001	0.571806009008
11001101001	0.571806009008
10001101001	0.571806009008
10101101001	0.571806009008
01001101001	0.571806009008
01101101001	0.571806009008
00101101010	0.570387407873
00001101010	0.570387407873
10001101010	0.570387407873
11001101010	0.570387407873
01001101010	0.570387407873
11101101010	0.570387407873
10101101010	0.570387407873
01101101010	0.570387407873
00001101011	0.5699930959
10001101011	0.5699930959
11001101011	0.5699930959
00101101011	0.5699930959
01001101011	0.5699930959
11101101011	0.5699930959
10101101011	0.5699930959
01101101011	0.5699930959
10001111011	0.568695703931
01001111011	0.568695703931
11101111011	0.568695703931
10101111011	0.568695703931
00001111011	0.568695703931
00101111011	0.568695703931
11001111011	0.568695703931
01101111011	0.568695703931
11100101001	0.567428963459
10000101001	0.567428963459
11000101001	0.567428963459
00000101001	0.567428963459
01100101001	0.567428963459
10100101001	0.567428963459
01000101001	0.567428963459
00100101001	0.567428963459
10000101000	0.567304452451
11000101000	0.567304452451
11100101000	0.567304452451
00000101000	0.567304452451
01100101000	0.567304452451
10100101000	0.567304452451
01000101000	0.567304452451
00100101000	0.567304452451
10110100010	0.567137844817
01010100010	0.567137844817
01110100010	0.567137844817
00110100010	0.567137844817
11010100010	0.567137844817
00010100010	0.567137844817
10010100010	0.567137844817
11110100010	0.567137844817
10010101011	0.566990389747
01110101011	0.566990389747
01010101011	0.566990389747
11010101011	0.566990389747
00110101011	0.566990389747
00010101011	0.566990389747
10110101011	0.566990389747
11110101011	0.566990389747
10110100011	0.566957833297
01010100011	0.566957833297
01110100011	0.566957833297
00110100011	0.566957833297
11010100011	0.566957833297
00010100011	0.566957833297
10010100011	0.566957833297
11110100011	0.566957833297
11010101111	0.566911222667
00010101111	0.566911222667
10010101111	0.566911222667
10110101111	0.566911222667
01010101111	0.566911222667
00110101111	0.566911222667
01110101111	0.566911222667
11110101111	0.566911222667
01110101101	0.566900623459
01010101101	0.566900623459
10010101101	0.566900623459
00010101101	0.566900623459
10110101101	0.566900623459
00110101101	0.566900623459
11110101101	0.566900623459
11010101101	0.566900623459
10010101000	0.566802520104
01110101000	0.566802520104
01010101000	0.566802520104
11010101000	0.566802520104
00010101000	0.566802520104
10110101000	0.566802520104
00110101000	0.566802520104
11110101000	0.566802520104
10110100100	0.566720418298
00110100100	0.566720418298
01110100100	0.566720418298
10010100100	0.566720418298
11110100100	0.566720418298
11010100100	0.566720418298
00010100100	0.566720418298
01010100100	0.566720418298
11010101110	0.566695705426
00010101110	0.566695705426
10010101110	0.566695705426
10110101110	0.566695705426
01010101110	0.566695705426
00110101110	0.566695705426
01110101110	0.566695705426
11110101110	0.566695705426
01110000010	0.566683088868
11010000010	0.566683088868
01010000010	0.566683088868
10010000010	0.566683088868
00110000010	0.566683088868
11110000010	0.566683088868
00010000010	0.566683088868
10110000010	0.566683088868
10010110000	0.566428365982
01110110000	0.566428365982
01010110000	0.566428365982
00010110000	0.566428365982
11010110000	0.566428365982
00110110000	0.566428365982
10110110000	0.566428365982
11110110000	0.566428365982
01110101100	0.566296434802
10010101100	0.566296434802
00010101100	0.566296434802
11010101100	0.566296434802
01010101100	0.566296434802
10110101100	0.566296434802
00110101100	0.566296434802
11110101100	0.566296434802
10010110111	0.565892488555
00010110111	0.565892488555
11010110111	0.565892488555
10110110111	0.565892488555
01010110111	0.565892488555
00110110111	0.565892488555
11110110111	0.565892488555
01110110111	0.565892488555
10010110101	0.565858736406
00010110101	0.565858736406
11010110101	0.565858736406
01010110101	0.565858736406
00110110101	0.565858736406
11110110101	0.565858736406
10110110101	0.565858736406
01110110101	0.565858736406
10010110110	0.565687570522
00010110110	0.565687570522
11010110110	0.565687570522
10110110110	0.565687570522
01010110110	0.565687570522
00110110110	0.565687570522
11110110110	0.565687570522
01110110110	0.565687570522
00000001110	0.56559429878
11000001110	0.56559429878
01000001110	0.56559429878
01100001110	0.56559429878
10100001110	0.56559429878
00100001110	0.56559429878
10000001110	0.56559429878
11100001110	0.56559429878
01001001000	0.561263443758
10101001000	0.561263443758
10001001000	0.561263443758
00001001000	0.561263443758
01101001000	0.561263443758
00101001000	0.561263443758
11001001000	0.561263443758
11101001000	0.561263443758
01101100001	0.560197940577
10001100001	0.560197940577
01001100001	0.560197940577
11101100001	0.560197940577
00001100001	0.560197940577
10101100001	0.560197940577
00101100001	0.560197940577
11001100001	0.560197940577
11000101010	0.559698106966
10000101010	0.559698106966
11100101010	0.559698106966
00000101010	0.559698106966
01100101010	0.559698106966
10100101010	0.559698106966
01000101010	0.559698106966
00100101010	0.559698106966
11101011000	0.559257212919
00001011000	0.559257212919
11001011000	0.559257212919
10101011000	0.559257212919
01101011000	0.559257212919
00101011000	0.559257212919
01001011000	0.559257212919
10001011000	0.559257212919
10001100010	0.558386176062
01001100010	0.558386176062
11101100010	0.558386176062
00001100010	0.558386176062
10101100010	0.558386176062
01101100010	0.558386176062
11001100010	0.558386176062
00101100010	0.558386176062
11111101010	0.557459599964
01011101010	0.557459599964
00011101010	0.557459599964
01111101010	0.557459599964
10011101010	0.557459599964
00111101010	0.557459599964
10111101010	0.557459599964
11011101010	0.557459599964
01000001100	0.557350855554
00000001100	0.557350855554
11000001100	0.557350855554
10100001100	0.557350855554
01100001100	0.557350855554
11100001100	0.557350855554
00100001100	0.557350855554
10000001100	0.557350855554
01101000010	0.557344186659
11101000010	0.557344186659
01001000010	0.557344186659
00001000010	0.557344186659
10001000010	0.557344186659
00101000010	0.557344186659
10101000010	0.557344186659
11001000010	0.557344186659
10000101110	0.557302813037
11100101110	0.557302813037
01100101110	0.557302813037
11000101110	0.557302813037
01000101110	0.557302813037
00000101110	0.557302813037
00100101110	0.557302813037
10100101110	0.557302813037
01011101011	0.557257987061
11111101011	0.557257987061
00011101011	0.557257987061
01111101011	0.557257987061
10011101011	0.557257987061
00111101011	0.557257987061
10111101011	0.557257987061
11011101011	0.557257987061
01100101111	0.557187314099
10000101111	0.557187314099
11100101111	0.557187314099
11000101111	0.557187314099
01000101111	0.557187314099
00000101111	0.557187314099
00100101111	0.557187314099
10100101111	0.557187314099
01101110010	0.556957548892
00001110010	0.556957548892
11001110010	0.556957548892
10001110010	0.556957548892
10101110010	0.556957548892
00101110010	0.556957548892
01001110010	0.556957548892
11101110010	0.556957548892
10111001100	0.556631809071
11011001100	0.556631809071
10011001100	0.556631809071
01011001100	0.556631809071
01111001100	0.556631809071
11111001100	0.556631809071
00011001100	0.556631809071
00111001100	0.556631809071
10111001111	0.55645819796
10111001110	0.55645819796
00111001110	0.55645819796
00111001111	0.55645819796
11011001111	0.55645819796
11011001110	0.55645819796
01011001110	0.55645819796
01011001111	0.55645819796
10011001110	0.55645819796
10011001111	0.55645819796
01111001111	0.55645819796
01111001110	0.55645819796
00011001111	0.55645819796
00011001110	0.55645819796
11111001110	0.55645819796
11111001111	0.55645819796
10111001101	0.556426891038
11011001101	0.556426891038
10011001101	0.556426891038
01011001101	0.556426891038
01111001101	0.556426891038
11111001101	0.556426891038
00011001101	0.556426891038
00111001101	0.556426891038
10010110001	0.556325529237
01110110001	0.556325529237
01010110001	0.556325529237
00010110001	0.556325529237
11010110001	0.556325529237
00110110001	0.556325529237
10110110001	0.556325529237
11110110001	0.556325529237
10010101001	0.556246062673
01110101001	0.556246062673
01010101001	0.556246062673
11010101001	0.556246062673
00010101001	0.556246062673
10110101001	0.556246062673
00110101001	0.556246062673
11110101001	0.556246062673
10110001000	0.556177631064
01010001000	0.556177631064
00010001000	0.556177631064
01110001000	0.556177631064
00110001000	0.556177631064
11110001000	0.556177631064
11010001000	0.556177631064
10010001000	0.556177631064
10110100101	0.556058653592
00110100101	0.556058653592
01110100101	0.556058653592
10010100101	0.556058653592
11110100101	0.556058653592
11010100101	0.556058653592
00010100101	0.556058653592
01010100101	0.556058653592
10110001001	0.556004019953
01010001001	0.556004019953
00010001001	0.556004019953
01110001001	0.556004019953
00110001001	0.556004019953
11110001001	0.556004019953
11010001001	0.556004019953
10010001001	0.556004019953
00010001011	0.555861930859
01110001011	0.555861930859
01010001011	0.555861930859
00110001011	0.555861930859
11010001011	0.555861930859
11110001011	0.555861930859
10010001011	0.555861930859
10110001011	0.555861930859
11010000101	0.555846406766
01010000101	0.555846406766
10110000101	0.555846406766
00010000101	0.555846406766
10010000101	0.555846406766
00110000101	0.555846406766
01110000101	0.555846406766
11110000101	0.555846406766
00010001010	0.555809812594
01110001010	0.555809812594
01010001010	0.555809812594
00110001010	0.555809812594
11010001010	0.555809812594
11110001010	0.555809812594
10010001010	0.555809812594
10110001010	0.555809812594
11110000110	0.555775640607
11010000110	0.555775640607
10010000110	0.555775640607
10110000110	0.555775640607
01010000110	0.555775640607
00010000110	0.555775640607
01110000110	0.555775640607
00110000110	0.555775640607
10010110011	0.555695327077
11110110011	0.555695327077
01010110011	0.555695327077
01110110011	0.555695327077
00010110011	0.555695327077
11010110011	0.555695327077
00110110011	0.555695327077
10110110011	0.555695327077
10110100111	0.555687821493
00110100111	0.555687821493
10010100111	0.555687821493
11110100111	0.555687821493
01110100111	0.555687821493
11010100111	0.555687821493
01010100111	0.555687821493
00010100111	0.555687821493
10110100110	0.555638218318
00110100110	0.555638218318
10010100110	0.555638218318
11110100110	0.555638218318
01110100110	0.555638218318
11010100110	0.555638218318
01010100110	0.555638218318
00010100110	0.555638218318
11110000111	0.555635849842
11010000111	0.555635849842
10010000111	0.555635849842
10110000111	0.555635849842
01010000111	0.555635849842
00010000111	0.555635849842
01110000111	0.555635849842
00110000111	0.555635849842
10110001111	0.555628082651
00110001111	0.555628082651
11110001111	0.555628082651
00010001111	0.555628082651
10010001111	0.555628082651
01110001111	0.555628082651
11010001111	0.555628082651
01010001111	0.555628082651
11010000100	0.55562319248
01010000100	0.55562319248
10110000100	0.55562319248
00010000100	0.55562319248
10010000100	0.55562319248
00110000100	0.55562319248
01110000100	0.55562319248
11110000100	0.55562319248
10110001110	0.555596388939
00110001110	0.555596388939
11110001110	0.555596388939
00010001110	0.555596388939
10010001110	0.555596388939
01110001110	0.555596388939
11010001110	0.555596388939
01010001110	0.555596388939
10010110100	0.555581527845
00010110100	0.555581527845
11010110100	0.555581527845
01010110100	0.555581527845
00110110100	0.555581527845
11110110100	0.555581527845
10110110100	0.555581527845
01110110100	0.555581527845
01010111011	0.555549396304
10110111011	0.555549396304
01110111011	0.555549396304
00110111011	0.555549396304
11010111011	0.555549396304
11110111011	0.555549396304
00010111011	0.555549396304
10010111011	0.555549396304
00000001111	0.555470906808
11000001111	0.555470906808
01000001111	0.555470906808
01100001111	0.555470906808
10100001111	0.555470906808
00100001111	0.555470906808
10000001111	0.555470906808
11100001111	0.555470906808
10010110010	0.555469667565
01010110010	0.555469667565
01110110010	0.555469667565
00010110010	0.555469667565
00110110010	0.555469667565
11010110010	0.555469667565
11110110010	0.555469667565
10110110010	0.555469667565
00010001100	0.555420332601
00110001100	0.555420332601
11110001100	0.555420332601
01110001100	0.555420332601
10010001100	0.555420332601
11010001100	0.555420332601
10110001100	0.555420332601
01010001100	0.555420332601
01110000011	0.555398366646
11010000011	0.555398366646
01010000011	0.555398366646
10010000011	0.555398366646
00110000011	0.555398366646
11110000011	0.555398366646
00010000011	0.555398366646
10110000011	0.555398366646
11010011011	0.554736985274
10010011011	0.554736985274
01010011011	0.554736985274
00010011011	0.554736985274
11110011011	0.554736985274
00110011011	0.554736985274
10110011011	0.554736985274
01110011011	0.554736985274
10110010111	0.554512911086
01010010111	0.554512911086
00110010111	0.554512911086
01110010111	0.554512911086
11110010111	0.554512911086
10010010111	0.554512911086
11010010111	0.554512911086
00010010111	0.554512911086
01001001001	0.550330585489
10101001001	0.550330585489
10001001001	0.550330585489
00001001001	0.550330585489
01101001001	0.550330585489
00101001001	0.550330585489
11001001001	0.550330585489
11101001001	0.550330585489
01101100000	0.549576982466
10001100000	0.549576982466
01001100000	0.549576982466
11101100000	0.549576982466
00001100000	0.549576982466
10101100000	0.549576982466
00101100000	0.549576982466
11001100000	0.549576982466
11001101100	0.549184452898
00101101100	0.549184452898
10001101100	0.549184452898
01101101100	0.549184452898
01001101100	0.549184452898
11101101100	0.549184452898
10101101100	0.549184452898
00001101100	0.549184452898
11001101101	0.548872338805
00101101101	0.548872338805
10001101101	0.548872338805
01101101101	0.548872338805
01001101101	0.548872338805
11101101101	0.548872338805
10101101101	0.548872338805
00001101101	0.548872338805
11101000000	0.548842250846
01001000000	0.548842250846
00001000000	0.548842250846
11001000000	0.548842250846
10001000000	0.548842250846
01101000000	0.548842250846
10101000000	0.548842250846
00101000000	0.548842250846
01101000001	0.548678850204
11101000001	0.548678850204
01001000001	0.548678850204
00001000001	0.548678850204
11001000001	0.548678850204
10001000001	0.548678850204
10101000001	0.548678850204
00101000001	0.548678850204
00001110000	0.548629622391
10001110000	0.548629622391
00101110000	0.548629622391
01001110000	0.548629622391
11001110000	0.548629622391
10101110000	0.548629622391
01101110000	0.548629622391
11101110000	0.548629622391
11101011001	0.548169649878
00001011001	0.548169649878
11001011001	0.548169649878
10101011001	0.548169649878
01101011001	0.548169649878
00101011001	0.548169649878
01001011001	0.548169649878
10001011001	0.548169649878
10001100011	0.548147120763
01001100011	0.548147120763
11101100011	0.548147120763
00001100011	0.548147120763
10101100011	0.548147120763
11001100011	0.548147120763
00101100011	0.548147120763
01101100011	0.548147120763
11000101011	0.547956904549
10000101011	0.547956904549
11100101011	0.547956904549
00000101011	0.547956904549
01100101011	0.547956904549
10100101011	0.547956904549
01000101011	0.547956904549
00100101011	0.547956904549
01101100101	0.547946335897
01001100101	0.547946335897
11101100101	0.547946335897
00001100101	0.547946335897
10101100101	0.547946335897
00101100101	0.547946335897
11001100101	0.547946335897
10001100101	0.547946335897
00001110001	0.547810209948
10001110001	0.547810209948
11001110001	0.547810209948
00101110001	0.547810209948
01001110001	0.547810209948
10101110001	0.547810209948
01101110001	0.547810209948
11101110001	0.547810209948
11001111110	0.547659756148
11101111110	0.547659756148
01101111110	0.547659756148
00101111110	0.547659756148
01001111110	0.547659756148
10101111110	0.547659756148
00001111110	0.547659756148
10001111110	0.547659756148
11001110111	0.546623562285
10001110111	0.546623562285
01101110111	0.546623562285
11101110111	0.546623562285
01001110111	0.546623562285
00101110111	0.546623562285
10101110111	0.546623562285
00001110111	0.546623562285
01111100001	0.546608537626
00111100001	0.546608537626
01011100001	0.546608537626
00011100001	0.546608537626
10111100001	0.546608537626
11011100001	0.546608537626
11111100001	0.546608537626
10011100001	0.546608537626
01101110011	0.546527544624
00001110011	0.546527544624
11001110011	0.546527544624
10001110011	0.546527544624
10101110011	0.546527544624
00101110011	0.546527544624
01001110011	0.546527544624
11101110011	0.546527544624
01011101001	0.546518550441
01011101000	0.546518550441
00011101000	0.546518550441
00011101001	0.546518550441
01111101000	0.546518550441
01111101001	0.546518550441
10011101001	0.546518550441
10011101000	0.546518550441
11111101000	0.546518550441
00111101001	0.546518550441
00111101000	0.546518550441
11111101001	0.546518550441
11011101000	0.546518550441
11011101001	0.546518550441
10111101000	0.546518550441
10111101001	0.546518550441
01111000101	0.546277027801
11111000101	0.546277027801
00011000101	0.546277027801
10111000101	0.546277027801
01011000101	0.546277027801
00111000101	0.546277027801
11011000101	0.546277027801
10011000101	0.546277027801
11111101100	0.546055084274
10011101100	0.546055084274
01111101100	0.546055084274
00111101100	0.546055084274
00011101100	0.546055084274
11011101100	0.546055084274
10111101100	0.546055084274
01011101100	0.546055084274
01111000110	0.545914022751
11111000110	0.545914022751
00011000110	0.545914022751
01011000110	0.545914022751
00111000110	0.545914022751
10111000110	0.545914022751
10011000110	0.545914022751
11011000110	0.545914022751
00011001000	0.54587640996
01011001000	0.54587640996
10111001000	0.54587640996
10011001000	0.54587640996
11011001000	0.54587640996
11111001000	0.54587640996
01111001000	0.54587640996
00111001000	0.54587640996
10011101110	0.545843219867
11111101111	0.545843219867
11111101110	0.545843219867
11111101101	0.545843219867
10011101101	0.545843219867
10011101111	0.545843219867
01111101101	0.545843219867
00111101111	0.545843219867
00111101110	0.545843219867
01011101111	0.545843219867
00111101101	0.545843219867
01111101110	0.545843219867
01111101111	0.545843219867
00011101101	0.545843219867
00011101110	0.545843219867
00011101111	0.545843219867
11011101101	0.545843219867
10111101101	0.545843219867
01011101110	0.545843219867
11011101110	0.545843219867
11011101111	0.545843219867
10111101110	0.545843219867
10111101111	0.545843219867
01011101101	0.545843219867
10011000011	0.545814816402
10111000011	0.545814816402
00011000011	0.545814816402
11111000011	0.545814816402
11011000011	0.545814816402
01011000011	0.545814816402
00111000011	0.545814816402
01111000011	0.545814816402
01111000111	0.545712409848
11111000111	0.545712409848
00011000111	0.545712409848
01011000111	0.545712409848
00111000111	0.545712409848
10111000111	0.545712409848
10011000111	0.545712409848
11011000111	0.545712409848
00011001001	0.545674797057
01011001011	0.545674797057
00011001011	0.545674797057
11111001011	0.545674797057
01011001001	0.545674797057
10111001001	0.545674797057
10111001011	0.545674797057
10011001011	0.545674797057
10011001001	0.545674797057
11011001001	0.545674797057
11111001001	0.545674797057
11011001011	0.545674797057
01111001001	0.545674797057
00111001011	0.545674797057
01111001011	0.545674797057
00111001001	0.545674797057
01000001101	0.545561471227
00000001101	0.545561471227
11000001101	0.545561471227
10100001101	0.545561471227
01100001101	0.545561471227
11100001101	0.545561471227
00100001101	0.545561471227
10000001101	0.545561471227
01010111001	0.545141627942
01010111010	0.545141627942
10110111001	0.545141627942
01110111010	0.545141627942
10110111010	0.545141627942
01110111001	0.545141627942
00110111001	0.545141627942
00110111010	0.545141627942
11010111010	0.545141627942
11110111001	0.545141627942
10010111001	0.545141627942
11010111001	0.545141627942
11110111010	0.545141627942
00010111010	0.545141627942
10010111010	0.545141627942
00010111001	0.545141627942
10100001001	0.545092328926
00000001001	0.545092328926
11000001001	0.545092328926
01100001001	0.545092328926
11100001001	0.545092328926
00100001001	0.545092328926
10000001001	0.545092328926
01000001001	0.545092328926
00010001101	0.54493890686
00110001101	0.54493890686
11110001101	0.54493890686
01110001101	0.54493890686
10010001101	0.54493890686
11010001101	0.54493890686
10110001101	0.54493890686
01010001101	0.54493890686
01010111000	0.544737397
01110111000	0.544737397
00110111000	0.544737397
11110111000	0.544737397
10010111000	0.544737397
11010111000	0.544737397
00010111000	0.544737397
10110111000	0.544737397
01110010001	0.544559736374
01010010001	0.544559736374
00110010001	0.544559736374
00010010001	0.544559736374
11010010001	0.544559736374
11110010001	0.544559736374
10010010001	0.544559736374
10110010001	0.544559736374
00110111100	0.544498503245
10110111100	0.544498503245
11110111100	0.544498503245
01110111100	0.544498503245
10010111100	0.544498503245
11010111100	0.544498503245
00010111100	0.544498503245
01010111100	0.544498503245
01110010011	0.544456545508
01010010011	0.544456545508
00010010011	0.544456545508
11010010011	0.544456545508
00110010011	0.544456545508
11110010011	0.544456545508
10010010011	0.544456545508
10110010011	0.544456545508
11010011010	0.544392157688
10010011010	0.544392157688
01010011010	0.544392157688
00010011010	0.544392157688
11110011010	0.544392157688
00110011010	0.544392157688
10110011010	0.544392157688
01110011010	0.544392157688
11010011001	0.544342554513
00010011001	0.544342554513
01010011001	0.544342554513
10110011001	0.544342554513
10010011001	0.544342554513
00110011001	0.544342554513
01110011001	0.544342554513
11110011001	0.544342554513
11010011000	0.544318507904
00010011000	0.544318507904
01010011000	0.544318507904
10110011000	0.544318507904
10010011000	0.544318507904
00110011000	0.544318507904
01110011000	0.544318507904
11110011000	0.544318507904
00110111110	0.544314679716
00110111101	0.544314679716
10110111101	0.544314679716
10110111110	0.544314679716
11110111110	0.544314679716
10010111110	0.544314679716
11110111101	0.544314679716
01110111101	0.544314679716
10010111101	0.544314679716
01110111110	0.544314679716
11010111101	0.544314679716
11010111110	0.544314679716
00010111101	0.544314679716
01010111110	0.544314679716
00010111110	0.544314679716
01010111101	0.544314679716
00110111111	0.544180459361
10110111111	0.544180459361
11110111111	0.544180459361
10010111111	0.544180459361
01110111111	0.544180459361
11010111111	0.544180459361
01010111111	0.544180459361
00010111111	0.544180459361
01110010010	0.544073056046
01010010010	0.544073056046
00010010010	0.544073056046
11010010010	0.544073056046
00110010010	0.544073056046
11110010010	0.544073056046
10010010010	0.544073056046
10110010010	0.544073056046
00100111001	0.54374424988
00000111001	0.54374424988
01000111001	0.54374424988
11000111001	0.54374424988
01100111001	0.54374424988
11100111001	0.54374424988
10000111001	0.54374424988
10100111001	0.54374424988
01001001010	0.538603379685
10001001010	0.538603379685
00001001010	0.538603379685
01101001010	0.538603379685
00101001010	0.538603379685
11001001010	0.538603379685
11101001010	0.538603379685
10101001010	0.538603379685
11001001011	0.538477493259
01001001011	0.538477493259
10001001011	0.538477493259
00001001011	0.538477493259
01101001011	0.538477493259
00101001011	0.538477493259
11101001011	0.538477493259
10101001011	0.538477493259
11101101110	0.537791519288
11001101110	0.537791519288
00101101110	0.537791519288
10101101110	0.537791519288
01101101110	0.537791519288
10001101110	0.537791519288
01001101110	0.537791519288
00001101110	0.537791519288
01001111100	0.537765006681
01101111100	0.537765006681
11101111100	0.537765006681
00101111100	0.537765006681
10101111100	0.537765006681
00001111100	0.537765006681
11001111100	0.537765006681
10001111100	0.537765006681
11001111101	0.537575612742
01001111101	0.537575612742
01101111101	0.537575612742
11101111101	0.537575612742
00101111101	0.537575612742
10101111101	0.537575612742
00001111101	0.537575612742
10001111101	0.537575612742
01101100100	0.537462464929
01001100100	0.537462464929
11101100100	0.537462464929
00001100100	0.537462464929
10101100100	0.537462464929
00101100100	0.537462464929
11001100100	0.537462464929
10001100100	0.537462464929
11101101111	0.537374165841
11001101111	0.537374165841
00101101111	0.537374165841
10101101111	0.537374165841
01101101111	0.537374165841
10001101111	0.537374165841
01001101111	0.537374165841
00001101111	0.537374165841
00001111111	0.537085896133
11001111111	0.536862681848
01001111111	0.536862681848
11101111111	0.536862681848
01101111111	0.536862681848
00101111111	0.536862681848
10101111111	0.536862681848
10001111111	0.536862681848
01101000100	0.536798423689
00001000100	0.536798423689
11101000100	0.536798423689
11001000100	0.536798423689
01001000100	0.536798423689
10101000100	0.536798423689
10001000100	0.536798423689
00101000100	0.536798423689
11101000011	0.536794071451
01001000011	0.536794071451
01101000011	0.536794071451
00001000011	0.536794071451
10001000011	0.536794071451
00101000011	0.536794071451
10101000011	0.536794071451
11001000011	0.536794071451
00011100100	0.536462390091
00011100101	0.536462390091
00111100101	0.536462390091
00111100100	0.536462390091
01011100101	0.536462390091
01011100100	0.536462390091
10111100100	0.536462390091
10111100101	0.536462390091
11011100100	0.536462390091
11011100101	0.536462390091
11111100101	0.536462390091
11111100100	0.536462390091
10011100101	0.536462390091
10011100100	0.536462390091
01111100100	0.536462390091
01111100101	0.536462390091
11101011010	0.536404080644
00001011010	0.536404080644
10001011010	0.536404080644
11001011010	0.536404080644
10101011010	0.536404080644
00101011010	0.536404080644
01001011010	0.536404080644
01101011010	0.536404080644
00001110100	0.535890972762
10101110100	0.535890972762
11001110100	0.535890972762
10001110100	0.535890972762
01001110100	0.535890972762
11101110100	0.535890972762
00101110100	0.535890972762
01101110100	0.535890972762
01111100000	0.535869101006
00111100000	0.535869101006
01011100000	0.535869101006
00011100000	0.535869101006
10111100000	0.535869101006
11011100000	0.535869101006
11111100000	0.535869101006
10011100000	0.535869101006
00011100110	0.535857744497
00111100110	0.535857744497
11011100110	0.535857744497
10111100110	0.535857744497
01011100110	0.535857744497
10011100110	0.535857744497
11111100110	0.535857744497
01111100110	0.535857744497
11001110110	0.535852818743
10001110110	0.535852818743
01001110110	0.535852818743
01101110110	0.535852818743
11101110110	0.535852818743
00101110110	0.535852818743
10101110110	0.535852818743
00001110110	0.535852818743
00111100010	0.535849609054
01011100010	0.535849609054
01111100010	0.535849609054
00011100010	0.535849609054
11011100010	0.535849609054
10111100010	0.535849609054
11111100010	0.535849609054
10011100010	0.535849609054
00011100111	0.535677573802
00111100111	0.535677573802
11011100111	0.535677573802
10111100111	0.535677573802
01011100111	0.535677573802
11111100111	0.535677573802
01111100111	0.535677573802
10011100111	0.535677573802
00111100011	0.535675997943
01011100011	0.535675997943
01111100011	0.535675997943
00011100011	0.535675997943
11011100011	0.535675997943
10111100011	0.535675997943
11111100011	0.535675997943
10011100011	0.535675997943
10100001000	0.535599824171
00000001000	0.535599824171
11000001000	0.535599824171
01100001000	0.535599824171
11100001000	0.535599824171
00100001000	0.535599824171
10000001000	0.535599824171
01000001000	0.535599824171
00011111111	0.535516473438
00011111110	0.535516473438
00011111100	0.535516473438
00011111101	0.535516473438
00111111101	0.535516473438
00111111100	0.535516473438
10111111111	0.535516473438
10111111110	0.535516473438
00111111110	0.535516473438
00111111111	0.535516473438
10011111101	0.535516473438
10011111100	0.535516473438
10011111110	0.535516473438
10011111111	0.535516473438
11011111111	0.535516473438
11011111110	0.535516473438
10111111100	0.535516473438
01011111101	0.535516473438
01011111100	0.535516473438
11011111100	0.535516473438
11011111101	0.535516473438
01011111110	0.535516473438
01011111111	0.535516473438
10111111101	0.535516473438
11111111101	0.535516473438
11111111100	0.535516473438
01111111111	0.535516473438
01111111110	0.535516473438
11111111110	0.535516473438
11111111111	0.535516473438
01111111100	0.535516473438
01111111101	0.535516473438
01111000100	0.535332673149
11111000100	0.535332673149
00011000100	0.535332673149
10111000100	0.535332673149
01011000100	0.535332673149
00111000100	0.535332673149
11011000100	0.535332673149
10011000100	0.535332673149
01011001010	0.535270349354
00011001010	0.535270349354
11111001010	0.535270349354
10111001010	0.535270349354
10011001010	0.535270349354
11011001010	0.535270349354
00111001010	0.535270349354
01111001010	0.535270349354
10011000001	0.53508928412
10111000001	0.53508928412
11111000001	0.53508928412
00011000001	0.53508928412
01011000001	0.53508928412
11011000001	0.53508928412
00111000001	0.53508928412
01111000001	0.53508928412
10011000000	0.535086838893
10111000000	0.535086838893
11111000000	0.535086838893
00011000000	0.535086838893
01011000000	0.535086838893
11011000000	0.535086838893
00111000000	0.535086838893
01111000000	0.535086838893
10011000010	0.535075379782
10111000010	0.535075379782
00011000010	0.535075379782
11111000010	0.535075379782
11011000010	0.535075379782
01011000010	0.535075379782
00111000010	0.535075379782
01111000010	0.535075379782
10101010100	0.534968981072
01001010100	0.534968981072
10001010100	0.534968981072
01101010100	0.534968981072
00001010100	0.534968981072
00101010100	0.534968981072
11001010100	0.534968981072
11101010100	0.534968981072
11101010011	0.534961577193
00001010011	0.534961577193
10001010011	0.534961577193
01001010011	0.534961577193
11001010011	0.534961577193
00101010011	0.534961577193
01101010011	0.534961577193
10101010011	0.534961577193
10000000001	0.534590785783
00000000001	0.534590785783
11000000001	0.534590785783
01000000001	0.534590785783
01100000001	0.534590785783
10100000001	0.53438586775
00100000001	0.53438586775
11100000001	0.53438586775
01011010101	0.534218566293
10011010101	0.534218566293
10111010101	0.534218566293
11011010101	0.534218566293
11111010101	0.534218566293
01111010101	0.534218566293
00111010101	0.534218566293
00011010101	0.534218566293
01110010000	0.53420845571
01010010000	0.53420845571
00110010000	0.53420845571
00010010000	0.53420845571
11010010000	0.53420845571
11110010000	0.53420845571
10010010000	0.53420845571
10110010000	0.53420845571
01011010100	0.534010816243
10011010100	0.534010816243
10111010100	0.534010816243
11011010100	0.534010816243
11111010100	0.534010816243
01111010100	0.534010816243
00111010100	0.534010816243
00011010100	0.534010816243
11010011101	0.533838145483
00010011101	0.533838145483
11110011101	0.533838145483
01010011101	0.533838145483
10110011101	0.533838145483
00110011101	0.533838145483
01110011101	0.533838145483
10010011101	0.533838145483
11110011111	0.53380119967
00010011111	0.53380119967
01110011111	0.53380119967
10110011111	0.53380119967
01010011111	0.53380119967
10010011111	0.53380119967
11010011111	0.53380119967
00110011111	0.53380119967
11110011110	0.533793502626
00010011110	0.533793502626
10110011110	0.533793502626
01010011110	0.533793502626
01110011110	0.533793502626
10010011110	0.533793502626
11010011110	0.533793502626
00110011110	0.533793502626
10110010110	0.533456030807
01010010110	0.533456030807
00110010110	0.533456030807
01110010110	0.533456030807
11110010110	0.533456030807
10010010110	0.533456030807
11010010110	0.533456030807
00010010110	0.533456030807
11010011100	0.533410013165
00010011100	0.533410013165
11110011100	0.533410013165
01010011100	0.533410013165
10110011100	0.533410013165
01110011100	0.533410013165
10010011100	0.533410013165
00110011100	0.533410013165
10110010101	0.533223110982
01010010101	0.533223110982
01110010101	0.533223110982
00110010101	0.533223110982
11110010101	0.533223110982
10010010101	0.533223110982
11010010101	0.533223110982
00010010101	0.533223110982
10110010100	0.533057877155
01010010100	0.533057877155
01110010100	0.533057877155
00110010100	0.533057877155
11110010100	0.533057877155
10010010100	0.533057877155
11010010100	0.533057877155
00010010100	0.533057877155
01000010110	0.531955002148
00000010110	0.531955002148
11100010110	0.531955002148
01100010110	0.531955002148
00100010110	0.531955002148
11000010110	0.531955002148
10000010110	0.531955002148
10100010110	0.531955002148
00001000110	0.52672438058
11101000110	0.52672438058
11001000110	0.52672438058
10101000110	0.52672438058
01001000110	0.52672438058
10001000110	0.52672438058
00101000110	0.52672438058
01101000110	0.52672438058
10001010001	0.526275591823
00001010001	0.526275591823
01001010001	0.526275591823
00101010001	0.526275591823
11001010001	0.526275591823
01101010001	0.526275591823
11101010001	0.526275591823
10101010001	0.526275591823
11101011011	0.525913009216
00001011011	0.525913009216
10001011011	0.525913009216
11001011011	0.525913009216
10101011011	0.525913009216
00101011011	0.525913009216
01001011011	0.525913009216
01101011011	0.525913009216
10001010000	0.525899939417
00001010000	0.525899939417
01001010000	0.525899939417
00101010000	0.525899939417
11001010000	0.525899939417
01101010000	0.525899939417
11101010000	0.525899939417
10101010000	0.525899939417
10000101101	0.525470247072
11100101101	0.525470247072
00100101101	0.525470247072
11000101101	0.525470247072
01000101101	0.525470247072
00000101101	0.525470247072
10100101101	0.525470247072
01100101101	0.525470247072
00001110101	0.525412672204
10101110101	0.525412672204
11001110101	0.525412672204
10001110101	0.525412672204
01001110101	0.525412672204
11101110101	0.525412672204
00101110101	0.525412672204
01101110101	0.525412672204
01000100011	0.525233510601
11000100011	0.525233510601
10100100011	0.525233510601
00000100011	0.525233510601
11100100011	0.525233510601
01100100011	0.525233510601
10000100011	0.525233510601
00100100011	0.525233510601
11001011111	0.525119795154
10101011111	0.525119795154
01101011111	0.525119795154
11101011111	0.525119795154
00001011111	0.525119795154
10001011111	0.525119795154
00101011111	0.525119795154
01001011111	0.525119795154
11101010010	0.525035123718
00001010010	0.525035123718
10001010010	0.525035123718
01001010010	0.525035123718
11001010010	0.525035123718
00101010010	0.525035123718
01101010010	0.525035123718
10101010010	0.525035123718
01000100010	0.525027134214
11000100010	0.525027134214
10100100010	0.525027134214
00000100010	0.525027134214
11100100010	0.525027134214
01100100010	0.525027134214
10000100010	0.525027134214
00100100010	0.525027134214
10001010110	0.52477543938
10101010110	0.52477543938
01101010110	0.52477543938
01001010110	0.52477543938
00101010110	0.52477543938
00001010110	0.52477543938
11001010110	0.52477543938
11101010110	0.52477543938
10111110110	0.523989814671
11011110110	0.523989814671
11111110110	0.523989814671
00011110110	0.523989814671
10011110110	0.523989814671
01111110110	0.523989814671
00111110110	0.523989814671
01011110110	0.523989814671
01111011001	0.523977707519
11111011001	0.523977707519
00011011001	0.523977707519
10111011001	0.523977707519
01011011001	0.523977707519
00111011001	0.523977707519
11011011001	0.523977707519
10011011001	0.523977707519
10111011101	0.523871927637
11111011101	0.523871927637
01111011101	0.523871927637
00011011101	0.523871927637
01011011101	0.523871927637
00111011101	0.523871927637
11011011101	0.523871927637
10011011101	0.523871927637
01011110100	0.523810105499
11111110100	0.523810105499
00011110100	0.523810105499
01111110100	0.523810105499
00111110100	0.523810105499
10011110100	0.523810105499
11011110100	0.523810105499
10111110100	0.523810105499
10111011010	0.523788313579
10011011010	0.523788313579
01111011000	0.523788313579
11111011010	0.523788313579
00011011010	0.523788313579
11111011000	0.523788313579
00011011000	0.523788313579
10111011000	0.523788313579
11011011010	0.523788313579
01011011000	0.523788313579
00111011000	0.523788313579
11011011000	0.523788313579
01011011010	0.523788313579
00111011010	0.523788313579
10011011000	0.523788313579
01111011010	0.523788313579
00100111110	0.523722991574
01100111110	0.523722991574
01000111110	0.523722991574
10100111110	0.523722991574
11000111110	0.523722991574
00000111110	0.523722991574
11100111110	0.523722991574
10000111110	0.523722991574
10111011100	0.523695871299
11111011100	0.523695871299
01111011100	0.523695871299
00011011100	0.523695871299
01011011100	0.523695871299
00111011100	0.523695871299
11011011100	0.523695871299
10011011100	0.523695871299
01011110101	0.523620711559
11111110101	0.523620711559
00011110101	0.523620711559
01111110101	0.523620711559
00111110101	0.523620711559
10011110101	0.523620711559
11011110101	0.523620711559
10111110101	0.523620711559
11011110111	0.523616597203
10111110111	0.523616597203
11111110111	0.523616597203
00011110111	0.523616597203
10011110111	0.523616597203
01111110111	0.523616597203
00111110111	0.523616597203
01011110111	0.523616597203
10111011111	0.523458450327
01111011111	0.523458450327
11111011111	0.523458450327
01011011111	0.523458450327
00111011111	0.523458450327
00011011111	0.523458450327
10011011111	0.523458450327
11011011111	0.523458450327
01011010110	0.523396988445
11011010110	0.523396988445
11111010110	0.523396988445
10111010110	0.523396988445
01111010110	0.523396988445
00011010110	0.523396988445
10011010110	0.523396988445
00111010110	0.523396988445
10111011110	0.523197217307
01111011110	0.523197217307
11111011110	0.523197217307
01011011110	0.523197217307
00111011110	0.523197217307
00011011110	0.523197217307
10011011110	0.523197217307
11011011110	0.523197217307
01011010111	0.523195375542
11011010111	0.523195375542
10111010111	0.523195375542
01111010111	0.523195375542
11111010111	0.523195375542
00011010111	0.523195375542
10011010111	0.523195375542
00111010111	0.523195375542
01011010001	0.52288733927
11011010001	0.52288733927
00011010001	0.52288733927
10011010001	0.52288733927
10111010001	0.52288733927
11111010001	0.52288733927
00111010001	0.52288733927
01111010001	0.52288733927
00100011101	0.522565619723
10000011101	0.522565619723
10100011101	0.522565619723
01000011101	0.522565619723
11100011101	0.522565619723
00000011101	0.522565619723
11000011101	0.522565619723
01100011101	0.522565619723
00100111000	0.5221789443
00000111000	0.5221789443
01000111000	0.5221789443
11000111000	0.5221789443
01100111000	0.5221789443
11100111000	0.5221789443
10000111000	0.5221789443
10100111000	0.5221789443
00100011000	0.521030721307
11100011000	0.521030721307
10100011000	0.521030721307
10000011000	0.521030721307
01000011000	0.521030721307
00000011000	0.521030721307
11000011000	0.521030721307
01100011000	0.521030721307
01100000000	0.517268636051
10001001101	0.516724132108
10101001101	0.516724132108
00101001101	0.516724132108
11001001101	0.516724132108
00001001101	0.516724132108
01101001101	0.516724132108
11101001101	0.516724132108
01001001101	0.516724132108
10001001100	0.516106829152
10101001100	0.516106829152
00101001100	0.516106829152
00001001100	0.516106829152
01101001100	0.516106829152
11101001100	0.516106829152
01001001100	0.516106829152
11001001100	0.516106829152
01001100111	0.515890077399
01001100110	0.515890077399
01101100110	0.515890077399
01101100111	0.515890077399
11101100111	0.515890077399
11101100110	0.515890077399
00101100111	0.515890077399
00101100110	0.515890077399
10101100110	0.515890077399
10101100111	0.515890077399
00001100110	0.515890077399
00001100111	0.515890077399
10001100111	0.515890077399
10001100110	0.515890077399
11001100110	0.515890077399
11001100111	0.515890077399
00001000111	0.515877246168
11101000111	0.515877246168
11001000111	0.515877246168
10101000111	0.515877246168
01001000111	0.515877246168
10001000111	0.515877246168
00101000111	0.515877246168
01101000111	0.515877246168
01101000101	0.5157562168
00001000101	0.5157562168
11101000101	0.5157562168
11001000101	0.5157562168
01001000101	0.5157562168
10101000101	0.5157562168
10001000101	0.5157562168
00101000101	0.5157562168
11101011100	0.515506126177
11001011100	0.515506126177
10101011100	0.515506126177
01101011100	0.515506126177
10001011100	0.515506126177
00101011100	0.515506126177
00001011100	0.515506126177
01001011100	0.515506126177
00100100111	0.514722196967
11000100111	0.514722196967
10100100111	0.514722196967
01000100111	0.514722196967
01100100111	0.514722196967
10000100111	0.514722196967
11100100111	0.514722196967
00000100111	0.514722196967
10101010111	0.514613293921
01101010111	0.514613293921
01001010111	0.514613293921
00001010111	0.514613293921
10001010111	0.514613293921
00101010111	0.514613293921
11001010111	0.514613293921
11101010111	0.514613293921
11001011110	0.514579120551
10101011110	0.514579120551
11101011110	0.514579120551
01101011110	0.514579120551
00001011110	0.514579120551
10001011110	0.514579120551
00101011110	0.514579120551
01001011110	0.514579120551
01111111001	0.514375596991
00111111001	0.514375596991
00011111001	0.514375596991
01011111001	0.514375596991
11011111001	0.514375596991
10111111001	0.514375596991
11111111001	0.514375596991
10011111001	0.514375596991
10001010101	0.514356784991
10101010101	0.514356784991
01001010101	0.514356784991
01101010101	0.514356784991
00001010101	0.514356784991
00101010101	0.514356784991
11001010101	0.514356784991
11101010101	0.514356784991
10100001011	0.51414220203
00000001011	0.51414220203
01100001011	0.51414220203
11100001011	0.51414220203
00100001011	0.51414220203
10000001011	0.51414220203
11000001011	0.51414220203
01000001011	0.51414220203
10111011011	0.512850813579
10011011011	0.512850813579
11111011011	0.512850813579
00011011011	0.512850813579
11011011011	0.512850813579
01011011011	0.512850813579
00111011011	0.512850813579
01111011011	0.512850813579
00100111111	0.512705904865
01100111111	0.512705904865
01000111111	0.512705904865
10100111111	0.512705904865
11000111111	0.512705904865
00000111111	0.512705904865
10000111111	0.512705904865
11100111111	0.512705904865
11111010011	0.51211262787
01011010011	0.51211262787
10011010011	0.51211262787
00011010011	0.51211262787
10111010011	0.51211262787
00111010011	0.51211262787
11011010011	0.51211262787
01111010011	0.51211262787
11111010010	0.512063024695
01011010010	0.512063024695
10011010010	0.512063024695
00011010010	0.512063024695
11011010010	0.512063024695
10111010010	0.512063024695
00111010010	0.512063024695
01111010010	0.512063024695
00100000111	0.512058438325
10100000111	0.512058438325
01000000111	0.512058438325
11100000111	0.512058438325
10000000111	0.512058438325
00000000111	0.512058438325
11000000111	0.512058438325
01100000111	0.512058438325
01011010000	0.512058064378
11011010000	0.512058064378
00011010000	0.512058064378
10011010000	0.512058064378
10111010000	0.512058064378
11111010000	0.512058064378
00111010000	0.512058064378
01111010000	0.512058064378
00100111100	0.511973177451
01000111100	0.511973177451
01100111100	0.511973177451
10100111100	0.511973177451
11000111100	0.511973177451
10000111100	0.511973177451
11100111100	0.511973177451
00000111100	0.511973177451
00100011001	0.511908810131
10100011001	0.511908810131
10000011001	0.511908810131
01000011001	0.511908810131
11100011001	0.511908810131
00000011001	0.511908810131
11000011001	0.511908810131
01100011001	0.511908810131
00100000110	0.511636367873
10100000110	0.511636367873
01000000110	0.511636367873
11100000110	0.511636367873
10000000110	0.511636367873
00000000110	0.511636367873
11000000110	0.511636367873
01100000110	0.511636367873
00100011110	0.511622326597
01100011110	0.511622326597
10000011110	0.511622326597
10100011110	0.511622326597
11100011110	0.511622326597
00000011110	0.511622326597
11000011110	0.511622326597
01000011110	0.511622326597
00100011100	0.511141102428
10000011100	0.511141102428
10100011100	0.511141102428
01000011100	0.511141102428
11100011100	0.511141102428
00000011100	0.511141102428
11000011100	0.511141102428
01100011100	0.511141102428
01000010111	0.510341013095
00000010111	0.510341013095
01100010111	0.510341013095
11100010111	0.510341013095
00100010111	0.510341013095
11000010111	0.510341013095
10000010111	0.510341013095
10100010111	0.510341013095
11101011101	0.504435905868
11001011101	0.504435905868
10101011101	0.504435905868
01101011101	0.504435905868
10001011101	0.504435905868
00101011101	0.504435905868
00001011101	0.504435905868
01001011101	0.504435905868
10000101100	0.504148159935
11100101100	0.504148159935
11000101100	0.504148159935
00000101100	0.504148159935
01000101100	0.504148159935
10100101100	0.504148159935
00100101100	0.504148159935
01100101100	0.504148159935
00100100110	0.504000803856
11000100110	0.504000803856
10100100110	0.504000803856
01000100110	0.504000803856
01100100110	0.504000803856
10000100110	0.504000803856
00000100110	0.504000803856
11100100110	0.504000803856
01111111000	0.503769536385
00111111000	0.503769536385
00011111000	0.503769536385
11011111000	0.503769536385
10111111000	0.503769536385
01011111000	0.503769536385
11111111000	0.503769536385
10011111000	0.503769536385
10100001010	0.503479115552
11000001010	0.503479115552
01100001010	0.503479115552
11100001010	0.503479115552
00000001010	0.503479115552
00100001010	0.503479115552
10000001010	0.503479115552
01000001010	0.503479115552
01111111011	0.503260119878
01011111011	0.503260119878
00011111011	0.503260119878
11011111011	0.503260119878
10111111011	0.503260119878
11111111011	0.503260119878
10011111011	0.503260119878
00111111011	0.503260119878
01011110000	0.502891904463
00011110000	0.502891904463
01111110000	0.502891904463
10111110000	0.502891904463
11111110000	0.502891904463
00111110000	0.502891904463
11011110000	0.502891904463
10011110000	0.502891904463
01000100000	0.502891349949
10100100000	0.502891349949
00000100000	0.502891349949
01100100000	0.502891349949
11100100000	0.502891349949
10000100000	0.502891349949
11000100000	0.502891349949
00100100000	0.502891349949
01011110011	0.502709916068
00011110011	0.502709916068
10111110011	0.502709916068
01111110011	0.502709916068
11011110011	0.502709916068
11111110011	0.502709916068
00111110011	0.502709916068
10011110011	0.502709916068
01011110001	0.502690291559
00011110001	0.502690291559
01111110001	0.502690291559
10111110001	0.502690291559
11111110001	0.502690291559
00111110001	0.502690291559
11011110001	0.502690291559
10011110001	0.502690291559
10111110010	0.502528899412
01011110010	0.502528899412
00011110010	0.502528899412
01111110010	0.502528899412
11011110010	0.502528899412
11111110010	0.502528899412
00111110010	0.502528899412
10011110010	0.502528899412
10100000011	0.502030220574
11000000011	0.502030220574
00100000011	0.502030220574
00000000011	0.502030220574
11100000011	0.502030220574
10000000011	0.502030220574
01100000011	0.502030220574
01000000011	0.502030220574
00100011111	0.500983297584
01100011111	0.500983297584
10000011111	0.500983297584
10100011111	0.500983297584
11100011111	0.500983297584
11000011111	0.500983297584
00000011111	0.500983297584
01000011111	0.500983297584
10000110111	0.500755489812
10100110111	0.500755489812
11000110111	0.500755489812
00000110111	0.500755489812
01000110111	0.500755489812
00100110111	0.500755489812
01100110111	0.500755489812
11100110111	0.500755489812
00100111101	0.500495437077
01000111101	0.500495437077
01100111101	0.500495437077
10100111101	0.500495437077
11000111101	0.500495437077
10000111101	0.500495437077
11100111101	0.500495437077
00000111101	0.500495437077
00100000000	0.498773639714
10001001110	0.495151744578
00101001110	0.495151744578
10101001110	0.495151744578
11001001110	0.495151744578
00001001110	0.495151744578
01101001110	0.495151744578
11101001110	0.495151744578
01001001110	0.495151744578
10001001111	0.494950131675
00101001111	0.494950131675
10101001111	0.494950131675
00001001111	0.494950131675
01101001111	0.494950131675
11001001111	0.494950131675
11101001111	0.494950131675
01001001111	0.494950131675
00100100101	0.493183068382
00000100101	0.493183068382
01000100101	0.493183068382
11000100101	0.493183068382
10100100101	0.493183068382
01100100101	0.493183068382
11100100101	0.493183068382
10000100101	0.493183068382
01111111010	0.492722296161
01011111010	0.492722296161
00011111010	0.492722296161
11011111010	0.492722296161
10111111010	0.492722296161
11111111010	0.492722296161
10011111010	0.492722296161
00111111010	0.492722296161
10100111011	0.491880959549
01000111011	0.491880959549
00000111011	0.491880959549
11000111011	0.491880959549
11100111011	0.491880959549
01100111011	0.491880959549
10000111011	0.491880959549
00100111011	0.491880959549
11000110000	0.491579720396
10000110000	0.491579720396
11100110000	0.491579720396
00000110000	0.491579720396
10100110000	0.491579720396
01100110000	0.491579720396
01000110000	0.491579720396
00100110000	0.491579720396
10100011010	0.490047247387
00100011010	0.490047247387
10000011010	0.490047247387
01000011010	0.490047247387
00000011010	0.490047247387
11100011010	0.490047247387
11000011010	0.490047247387
01100011010	0.490047247387
11100110100	0.490041770088
10000110100	0.490041770088
10100110100	0.490041770088
11000110100	0.490041770088
00000110100	0.490041770088
01100110100	0.490041770088
01000110100	0.490041770088
00100110100	0.490041770088
11100010101	0.489579823982
10100010101	0.489579823982
00000010101	0.489579823982
01100010101	0.489579823982
00100010101	0.489579823982
10000010101	0.489579823982
01000010101	0.489579823982
11000010101	0.489579823982
10000110110	0.489410468729
11100110110	0.489410468729
10100110110	0.489410468729
11000110110	0.489410468729
00000110110	0.489410468729
01000110110	0.489410468729
00100110110	0.489410468729
01100110110	0.489410468729
11100110101	0.489383705944
10000110101	0.489383705944
10100110101	0.489383705944
00000110101	0.489383705944
11000110101	0.489383705944
01100110101	0.489383705944
01000110101	0.489383705944
00100110101	0.489383705944
11100010100	0.489143850258
10100010100	0.489143850258
11000010100	0.489143850258
00000010100	0.489143850258
01100010100	0.489143850258
00100010100	0.489143850258
10000010100	0.489143850258
01000010100	0.489143850258
00100100100	0.48146159078
00000100100	0.48146159078
01000100100	0.48146159078
11000100100	0.48146159078
10100100100	0.48146159078
01100100100	0.48146159078
11100100100	0.48146159078
10000100100	0.48146159078
10100111010	0.480517360266
01000111010	0.480517360266
00000111010	0.480517360266
11000111010	0.480517360266
11100111010	0.480517360266
01100111010	0.480517360266
10000111010	0.480517360266
00100111010	0.480517360266
10100011011	0.48036473018
00100011011	0.48036473018
10000011011	0.48036473018
01000011011	0.48036473018
00000011011	0.48036473018
11100011011	0.48036473018
11000011011	0.48036473018
01100011011	0.48036473018
10100000010	0.470597067717
00100000010	0.470597067717
00000000010	0.470597067717
11000000010	0.470597067717
11100000010	0.470597067717
10000000010	0.470597067717
01100000010	0.470597067717
01000000010	0.470597067717
10100110001	0.470309286127
11000110001	0.470309286127
10000110001	0.470309286127
11100110001	0.470309286127
00000110001	0.470309286127
01100110001	0.470309286127
01000110001	0.470309286127
00100110001	0.470309286127
00100000100	0.470012003938
10100000100	0.470012003938
01000000100	0.470012003938
10000000100	0.470012003938
11100000100	0.470012003938
00000000100	0.470012003938
11000000100	0.470012003938
01100000100	0.470012003938
10100110011	0.469455402187
11000110011	0.469455402187
00000110011	0.469455402187
10000110011	0.469455402187
11100110011	0.469455402187
01100110011	0.469455402187
01000110011	0.469455402187
00100110011	0.469455402187
11000010010	0.468528611615
10100010010	0.468528611615
00000010010	0.468528611615
00100010010	0.468528611615
10000010010	0.468528611615
01000010010	0.468528611615
01100010010	0.468528611615
11100010010	0.468528611615
10100010000	0.468506942131
11000010000	0.468506942131
00000010000	0.468506942131
11100010000	0.468506942131
00100010000	0.468506942131
10000010000	0.468506942131
01100010000	0.468506942131
01000010000	0.468506942131
11000010011	0.467244419556
10100010011	0.467244419556
00000010011	0.467244419556
00100010011	0.467244419556
10000010011	0.467244419556
01000010011	0.467244419556
01100010011	0.467244419556
11100010011	0.467244419556
01000000000	0.463840465861
11000100001	0.459683630365
01000100001	0.459683630365
10100100001	0.459683630365
00000100001	0.459683630365
01100100001	0.459683630365
11100100001	0.459683630365
10000100001	0.459683630365
00100100001	0.459683630365
10100110010	0.44929569872
11000110010	0.44929569872
00000110010	0.44929569872
10000110010	0.44929569872
11100110010	0.44929569872
01100110010	0.44929569872
01000110010	0.44929569872
00100110010	0.44929569872
10100010001	0.447976485736
00000010001	0.447976485736
11100010001	0.447976485736
00100010001	0.447976485736
11000010001	0.447976485736
10000010001	0.447976485736
01100010001	0.447976485736
01000010001	0.447976485736
10100000000	0.438610876254
00100000101	0.43641352735
10100000101	0.43641352735
01000000101	0.43641352735
10000000101	0.43641352735
11100000101	0.43641352735
00000000101	0.43641352735
11000000101	0.43641352735
01100000101	0.43641352735
10000000000	0.404388083304
11100000000	0.394566967532
11000000000	0.383714036202
