00100000000	0.51288804543
10100001010	0.506332712676
10100001011	0.506332712676
00000001011	0.506332712676
11000001010	0.506332712676
01100001010	0.506332712676
01100001011	0.506332712676
11100001011	0.506332712676
11100001010	0.506332712676
00000001010	0.506332712676
00100001011	0.506332712676
00100001010	0.506332712676
10000001011	0.506332712676
10000001010	0.506332712676
11000001011	0.506332712676
01000001011	0.506332712676
01000001010	0.506332712676
10100001000	0.506128528451
00000001000	0.506128528451
11000001000	0.506128528451
01100001000	0.506128528451
11100001000	0.506128528451
00100001000	0.506128528451
10000001000	0.506128528451
01000001000	0.506128528451
11101011011	0.505962325105
00001011011	0.505962325105
10001011011	0.505962325105
11001011011	0.505962325105
10101011011	0.505962325105
00101011011	0.505962325105
01001011011	0.505962325105
01101011011	0.505962325105
00101101010	0.505958930898
00001101010	0.505958930898
00001101011	0.505958930898
10001101011	0.505958930898
10001101010	0.505958930898
11001101010	0.505958930898
11001101011	0.505958930898
00101101011	0.505958930898
01001101011	0.505958930898
01001101010	0.505958930898
11101101011	0.505958930898
11101101010	0.505958930898
10101101011	0.505958930898
10101101010	0.505958930898
01101101010	0.505958930898
01101101011	0.505958930898
10001111010	0.505764226848
10001111011	0.505764226848
01101110010	0.505764226848
01101110011	0.505764226848
01101111000	0.505764226848
01101111001	0.505764226848
00001101001	0.505764226848
00001110001	0.505764226848
00001110000	0.505764226848
00101101001	0.505764226848
00001110010	0.505764226848
00001110011	0.505764226848
11001110010	0.505764226848
11001110011	0.505764226848
01001111001	0.505764226848
01001111000	0.505764226848
11101111001	0.505764226848
11101111000	0.505764226848
01001111010	0.505764226848
01001111011	0.505764226848
11101101001	0.505764226848
10001110011	0.505764226848
10001110010	0.505764226848
10001100010	0.505764226848
10001100011	0.505764226848
11101111010	0.505764226848
11101111011	0.505764226848
10001110000	0.505764226848
10001110001	0.505764226848
01001100010	0.505764226848
01001100011	0.505764226848
10101111011	0.505764226848
10101111010	0.505764226848
10101110010	0.505764226848
10101110011	0.505764226848
00101111001	0.505764226848
00101111000	0.505764226848
11101100010	0.505764226848
11101100011	0.505764226848
11001101001	0.505764226848
10001101001	0.505764226848
00001100011	0.505764226848
00001100010	0.505764226848
00001111011	0.505764226848
00001111010	0.505764226848
10101111000	0.505764226848
10101111001	0.505764226848
10101100011	0.505764226848
10101100010	0.505764226848
00101111010	0.505764226848
00101111011	0.505764226848
00001111000	0.505764226848
00001111001	0.505764226848
00101110011	0.505764226848
00101110010	0.505764226848
11001110001	0.505764226848
01001110011	0.505764226848
01001110010	0.505764226848
10101101001	0.505764226848
11101110011	0.505764226848
11101110010	0.505764226848
00101110000	0.505764226848
00101110001	0.505764226848
01101100010	0.505764226848
01001110000	0.505764226848
01001110001	0.505764226848
01001101001	0.505764226848
11001111011	0.505764226848
11001111010	0.505764226848
11001100011	0.505764226848
11001100010	0.505764226848
11001110000	0.505764226848
10101110001	0.505764226848
10101110000	0.505764226848
00101100010	0.505764226848
00101100011	0.505764226848
11001111000	0.505764226848
11001111001	0.505764226848
01101101001	0.505764226848
10001111001	0.505764226848
10001111000	0.505764226848
01101100011	0.505764226848
01101110001	0.505764226848
01101110000	0.505764226848
11101110000	0.505764226848
11101110001	0.505764226848
01101111011	0.505764226848
01101111010	0.505764226848
10100010000	0.505759266641
11000010000	0.505759266641
00000010000	0.505759266641
11100010000	0.505759266641
00100010000	0.505759266641
10000010000	0.505759266641
01100010000	0.505759266641
01000010000	0.505759266641
11000010011	0.505555082416
10100010011	0.505555082416
00000010011	0.505555082416
00100010011	0.505555082416
10000010011	0.505555082416
01000010011	0.505555082416
01100010011	0.505555082416
11100010011	0.505555082416
00100011001	0.505554168313
10100011001	0.505554168313
10000011001	0.505554168313
01000011001	0.505554168313
11100011001	0.505554168313
00000011001	0.505554168313
11000011001	0.505554168313
01100011001	0.505554168313
10100110001	0.505167451974
11000110001	0.505167451974
10000110001	0.505167451974
11100110001	0.505167451974
00000110001	0.505167451974
01100110001	0.505167451974
01000110001	0.505167451974
00100110001	0.505167451974
10100001001	0.504978398665
00000001001	0.504978398665
11000001001	0.504978398665
01100001001	0.504978398665
11100001001	0.504978398665
00100001001	0.504978398665
10000001001	0.504978398665
01000001001	0.504978398665
11000110000	0.504971833821
10000110000	0.504971833821
11100110000	0.504971833821
00000110000	0.504971833821
10100110000	0.504971833821
01100110000	0.504971833821
01000110000	0.504971833821
00100110000	0.504971833821
00100111000	0.504968439614
00100111001	0.504968439614
00000111001	0.504968439614
00000111000	0.504968439614
01000111000	0.504968439614
01000111001	0.504968439614
11000111001	0.504968439614
11000111000	0.504968439614
01100111001	0.504968439614
01100111000	0.504968439614
11100111000	0.504968439614
11100111001	0.504968439614
10000111000	0.504968439614
10000111001	0.504968439614
10100111001	0.504968439614
10100111000	0.504968439614
01000100010	0.5020446323
11000100010	0.5020446323
10100100010	0.5020446323
00000100010	0.5020446323
11100100010	0.5020446323
01100100010	0.5020446323
10000100010	0.5020446323
00100100010	0.5020446323
01100000000	0.500791451507
10100000010	0.500282610243
00100000010	0.500282610243
00000000010	0.500282610243
11000000010	0.500282610243
11100000010	0.500282610243
10000000010	0.500282610243
01100000010	0.500282610243
01000000010	0.500282610243
10100000011	0.500281044243
11000000011	0.500281044243
00100000011	0.500281044243
00000000011	0.500281044243
11100000011	0.500281044243
10000000011	0.500281044243
01100000011	0.500281044243
01000000011	0.500281044243
10100000001	0.498719854247
00100000001	0.498719854247
11100000001	0.498719854247
10000000001	0.498719854247
00000000001	0.498719854247
11000000001	0.498719854247
01000000001	0.498719854247
01100000001	0.498719854247
00100100101	0.498610486528
00100100100	0.498610486528
00000100100	0.498610486528
00000100101	0.498610486528
00100100110	0.498610486528
00100100111	0.498610486528
11000100111	0.498610486528
11000100110	0.498610486528
10100100111	0.498610486528
10100100110	0.498610486528
01000100101	0.498610486528
01000100100	0.498610486528
11000100100	0.498610486528
11000100101	0.498610486528
10100100100	0.498610486528
10100100101	0.498610486528
01000100110	0.498610486528
01000100111	0.498610486528
01100100111	0.498610486528
01100100110	0.498610486528
01100100100	0.498610486528
01100100101	0.498610486528
11100100101	0.498610486528
11100100100	0.498610486528
10000100101	0.498610486528
10000100100	0.498610486528
10000100110	0.498610486528
10000100111	0.498610486528
00000100110	0.498610486528
11100100110	0.498610486528
11100100111	0.498610486528
00000100111	0.498610486528
10000101100	0.498214290014
11100101100	0.498214290014
11000101100	0.498214290014
00000101100	0.498214290014
01000101100	0.498214290014
10100101100	0.498214290014
00100101100	0.498214290014
01100101100	0.498214290014
10000110111	0.498018671861
10100110111	0.498018671861
11000110111	0.498018671861
00000110111	0.498018671861
01000110111	0.498018671861
00100110111	0.498018671861
01100110111	0.498018671861
11100110111	0.498018671861
10000101101	0.498016191757
11100101101	0.498016191757
00100101101	0.498016191757
11000101101	0.498016191757
01000101101	0.498016191757
00000101101	0.498016191757
10100101101	0.498016191757
01100101101	0.498016191757
01101000010	0.497834422268
11101000011	0.497834422268
11101000010	0.497834422268
01001000011	0.497834422268
01001000010	0.497834422268
01101000011	0.497834422268
00001000010	0.497834422268
00001000011	0.497834422268
10001000011	0.497834422268
10001000010	0.497834422268
00101000011	0.497834422268
00101000010	0.497834422268
10101000010	0.497834422268
10101000011	0.497834422268
11001000010	0.497834422268
11001000011	0.497834422268
11001001011	0.497830816404
01001001011	0.497830816404
10001001011	0.497830816404
00001001011	0.497830816404
01101001011	0.497830816404
00101001011	0.497830816404
11101001011	0.497830816404
10101001011	0.497830816404
01101000001	0.4978283363
11101000000	0.4978283363
11101000001	0.4978283363
01001000000	0.4978283363
01001000001	0.4978283363
00001000001	0.4978283363
00001000000	0.4978283363
11001000001	0.4978283363
11001000000	0.4978283363
10001000000	0.4978283363
10001000001	0.4978283363
01101000000	0.4978283363
10101000001	0.4978283363
10101000000	0.4978283363
00101000000	0.4978283363
00101000001	0.4978283363
01000100011	0.497823967811
11000100011	0.497823967811
10100100011	0.497823967811
00000100011	0.497823967811
11100100011	0.497823967811
01100100011	0.497823967811
10000100011	0.497823967811
00100100011	0.497823967811
10000110110	0.497823053707
11100110110	0.497823053707
10100110110	0.497823053707
11000110110	0.497823053707
00000110110	0.497823053707
01000110110	0.497823053707
00100110110	0.497823053707
01100110110	0.497823053707
00100111110	0.497822139604
01100111110	0.497822139604
01000111110	0.497822139604
10100111110	0.497822139604
11000111110	0.497822139604
00000111110	0.497822139604
11100111110	0.497822139604
10000111110	0.497822139604
00100111101	0.497819659501
01000111101	0.497819659501
01100111101	0.497819659501
10100111101	0.497819659501
11000111101	0.497819659501
10000111101	0.497819659501
11100111101	0.497819659501
00000111101	0.497819659501
01001001010	0.497638804115
10001001010	0.497638804115
00001001010	0.497638804115
01101001010	0.497638804115
00101001010	0.497638804115
11001001010	0.497638804115
11101001010	0.497638804115
10101001010	0.497638804115
01001001001	0.497632718147
10101001001	0.497632718147
10001001001	0.497632718147
00001001001	0.497632718147
01101001001	0.497632718147
00101001001	0.497632718147
11001001001	0.497632718147
11101001001	0.497632718147
11100110101	0.497627435554
10000110101	0.497627435554
10100110101	0.497627435554
00000110101	0.497627435554
11000110101	0.497627435554
01100110101	0.497627435554
01000110101	0.497627435554
00100110101	0.497627435554
00100111111	0.497624041347
01100111111	0.497624041347
01000111111	0.497624041347
10100111111	0.497624041347
11000111111	0.497624041347
00000111111	0.497624041347
10000111111	0.497624041347
11100111111	0.497624041347
11101011010	0.497444100065
11101010010	0.497444100065
11101010011	0.497444100065
00001011010	0.497444100065
00001010011	0.497444100065
00001010010	0.497444100065
10001010010	0.497444100065
10001010011	0.497444100065
11001011111	0.497444100065
10101011111	0.497444100065
01001010010	0.497444100065
01001010011	0.497444100065
01101011111	0.497444100065
11001010011	0.497444100065
11001010010	0.497444100065
10001011010	0.497444100065
11001011010	0.497444100065
11101011111	0.497444100065
10101011010	0.497444100065
00101011010	0.497444100065
00101010010	0.497444100065
00101010011	0.497444100065
01001011010	0.497444100065
00001011111	0.497444100065
01101011010	0.497444100065
10001011111	0.497444100065
01101010011	0.497444100065
01101010010	0.497444100065
00101011111	0.497444100065
10101010011	0.497444100065
10101010010	0.497444100065
01001011111	0.497444100065
01101100000	0.497441619962
10001100000	0.497441619962
01001100000	0.497441619962
11101100000	0.497441619962
00001100000	0.497441619962
10101100000	0.497441619962
00101100000	0.497441619962
11001100000	0.497441619962
11001111101	0.497440705858
11001111110	0.497440705858
11001111111	0.497440705858
01001111111	0.497440705858
11101111111	0.497440705858
11101111110	0.497440705858
01001100111	0.497440705858
01001100110	0.497440705858
01001111100	0.497440705858
01001111101	0.497440705858
01101111101	0.497440705858
01101111100	0.497440705858
01101100110	0.497440705858
01101100111	0.497440705858
11101101110	0.497440705858
11101101111	0.497440705858
11101100111	0.497440705858
11101100110	0.497440705858
11101111100	0.497440705858
11101111101	0.497440705858
01101111110	0.497440705858
01101111111	0.497440705858
00101111111	0.497440705858
00101111110	0.497440705858
11001101111	0.497440705858
11001101110	0.497440705858
01001111110	0.497440705858
00101111100	0.497440705858
00101111101	0.497440705858
11001110111	0.497440705858
11001110110	0.497440705858
11001101100	0.497440705858
11001101101	0.497440705858
00101101110	0.497440705858
00101101111	0.497440705858
10101101111	0.497440705858
10101101110	0.497440705858
00101101101	0.497440705858
00101101100	0.497440705858
01101101111	0.497440705858
01101101110	0.497440705858
10001101101	0.497440705858
10001101100	0.497440705858
10001110110	0.497440705858
10001110111	0.497440705858
10101111101	0.497440705858
10101111100	0.497440705858
01101101100	0.497440705858
01101101101	0.497440705858
01001110110	0.497440705858
10001101110	0.497440705858
10001101111	0.497440705858
00001111101	0.497440705858
00001111100	0.497440705858
10101111110	0.497440705858
10101111111	0.497440705858
00101100111	0.497440705858
00101100110	0.497440705858
00001111110	0.497440705858
00001111111	0.497440705858
10101100110	0.497440705858
10101100111	0.497440705858
00001100110	0.497440705858
00001100111	0.497440705858
01001101101	0.497440705858
01001101100	0.497440705858
10001111111	0.497440705858
10001111110	0.497440705858
11101101101	0.497440705858
11101101100	0.497440705858
01101110111	0.497440705858
01101110110	0.497440705858
11001111100	0.497440705858
11101110110	0.497440705858
11101110111	0.497440705858
01001101110	0.497440705858
01001101111	0.497440705858
10001100111	0.497440705858
10001100110	0.497440705858
10001111100	0.497440705858
10001111101	0.497440705858
01001110111	0.497440705858
00101110110	0.497440705858
00101110111	0.497440705858
00001101111	0.497440705858
00001101110	0.497440705858
11001100110	0.497440705858
11001100111	0.497440705858
10101110111	0.497440705858
10101110110	0.497440705858
00001110111	0.497440705858
00001110110	0.497440705858
10101101100	0.497440705858
10101101101	0.497440705858
00001101100	0.497440705858
00001101101	0.497440705858
11100110100	0.497434831548
10000110100	0.497434831548
10100110100	0.497434831548
11000110100	0.497434831548
00000110100	0.497434831548
01100110100	0.497434831548
01000110100	0.497434831548
00100110100	0.497434831548
00100111100	0.497428423194
01000111100	0.497428423194
01100111100	0.497428423194
10100111100	0.497428423194
11000111100	0.497428423194
10000111100	0.497428423194
11100111100	0.497428423194
00000111100	0.497428423194
11000100001	0.497427771297
01000100001	0.497427771297
10100100001	0.497427771297
00000100001	0.497427771297
01100100001	0.497427771297
11100100001	0.497427771297
10000100001	0.497427771297
00100100001	0.497427771297
10100011011	0.497424165433
00100011011	0.497424165433
10000011011	0.497424165433
01000011011	0.497424165433
00000011011	0.497424165433
11100011011	0.497424165433
11000011011	0.497424165433
01100011011	0.497424165433
01101100001	0.497246001808
00001110100	0.497246001808
00001110101	0.497246001808
00001101000	0.497246001808
11101011001	0.497246001808
00101101000	0.497246001808
00001011001	0.497246001808
10101110100	0.497246001808
10101110101	0.497246001808
10001010001	0.497246001808
10001010000	0.497246001808
10001100001	0.497246001808
11101101000	0.497246001808
01001100001	0.497246001808
11101100001	0.497246001808
00001010000	0.497246001808
00001010001	0.497246001808
11001110100	0.497246001808
11001110101	0.497246001808
11001101000	0.497246001808
10001101000	0.497246001808
10001110101	0.497246001808
10001110100	0.497246001808
01001010001	0.497246001808
01001010000	0.497246001808
00001100001	0.497246001808
10101100001	0.497246001808
11001011001	0.497246001808
10101101000	0.497246001808
10101011001	0.497246001808
00101010001	0.497246001808
00101010000	0.497246001808
11001010000	0.497246001808
11001010001	0.497246001808
01001101000	0.497246001808
01001110101	0.497246001808
01001110100	0.497246001808
01101011001	0.497246001808
00101011001	0.497246001808
11101110101	0.497246001808
11101110100	0.497246001808
00101100001	0.497246001808
11001100001	0.497246001808
01001011001	0.497246001808
00101110101	0.497246001808
00101110100	0.497246001808
01101101000	0.497246001808
01101110100	0.497246001808
01101110101	0.497246001808
10001011001	0.497246001808
01101010000	0.497246001808
01101010001	0.497246001808
11101010001	0.497246001808
11101010000	0.497246001808
10101010000	0.497246001808
10101010001	0.497246001808
11000101011	0.497231239041
11000101010	0.497231239041
10000101010	0.497231239041
10000101011	0.497231239041
11100101010	0.497231239041
11100101011	0.497231239041
00000101011	0.497231239041
00000101010	0.497231239041
01100101011	0.497231239041
01100101010	0.497231239041
10100101011	0.497231239041
10100101010	0.497231239041
01000101010	0.497231239041
01000101011	0.497231239041
00100101010	0.497231239041
00100101011	0.497231239041
10100011010	0.49722854728
00100011010	0.49722854728
10000011010	0.49722854728
01000011010	0.49722854728
00000011010	0.49722854728
11100011010	0.49722854728
11000011010	0.49722854728
01100011010	0.49722854728
00100000100	0.497157902183
10100000100	0.497157902183
01000000100	0.497157902183
10000000100	0.497157902183
11100000100	0.497157902183
00000000100	0.497157902183
11000000100	0.497157902183
01100000100	0.497157902183
01000100000	0.497039549138
10100100000	0.497039549138
00000100000	0.497039549138
01100100000	0.497039549138
11100100000	0.497039549138
10000100000	0.497039549138
11000100000	0.497039549138
00100100000	0.497039549138
10100111011	0.497036534991
01000111011	0.497036534991
00000111011	0.497036534991
11000111011	0.497036534991
11100111011	0.497036534991
01100111011	0.497036534991
10000111011	0.497036534991
00100111011	0.497036534991
11100101001	0.497036534991
10000101001	0.497036534991
10000101000	0.497036534991
11000101000	0.497036534991
11000101001	0.497036534991
11100101000	0.497036534991
00000101000	0.497036534991
00000101001	0.497036534991
01100101000	0.497036534991
01100101001	0.497036534991
10100101000	0.497036534991
10100101001	0.497036534991
01000101001	0.497036534991
01000101000	0.497036534991
00100101001	0.497036534991
00100101000	0.497036534991
00100000110	0.496968692383
10100000110	0.496968692383
01000000110	0.496968692383
11100000110	0.496968692383
10000000110	0.496968692383
00000000110	0.496968692383
11000000110	0.496968692383
01100000110	0.496968692383
00100000101	0.496964706459
10100000101	0.496964706459
01000000101	0.496964706459
10000000101	0.496964706459
11100000101	0.496964706459
00000000101	0.496964706459
11000000101	0.496964706459
01100000101	0.496964706459
11100000000	0.496952119835
10100010001	0.496844845088
00000010001	0.496844845088
11100010001	0.496844845088
00100010001	0.496844845088
11000010001	0.496844845088
10000010001	0.496844845088
01100010001	0.496844845088
01000010001	0.496844845088
10100111010	0.496840916837
01000111010	0.496840916837
00000111010	0.496840916837
11000111010	0.496840916837
11100111010	0.496840916837
01100111010	0.496840916837
10000111010	0.496840916837
00100111010	0.496840916837
00100000111	0.496776088377
10100000111	0.496776088377
01000000111	0.496776088377
11100000111	0.496776088377
10000000111	0.496776088377
00000000111	0.496776088377
11000000111	0.496776088377
01100000111	0.496776088377
10100110011	0.496648312831
11000110011	0.496648312831
00000110011	0.496648312831
10000110011	0.496648312831
11100110011	0.496648312831
01100110011	0.496648312831
01000110011	0.496648312831
00100110011	0.496648312831
00100011000	0.49664012682
11100011000	0.49664012682
10100011000	0.49664012682
10000011000	0.49664012682
01000011000	0.49664012682
00000011000	0.49664012682
11000011000	0.49664012682
01100011000	0.49664012682
01000001101	0.496562481651
01000001100	0.496562481651
00000001100	0.496562481651
00000001101	0.496562481651
11000001100	0.496562481651
11000001101	0.496562481651
10100001100	0.496562481651
10100001101	0.496562481651
01100001100	0.496562481651
01100001101	0.496562481651
11100001101	0.496562481651
11100001100	0.496562481651
00100001101	0.496562481651
00100001100	0.496562481651
10000001101	0.496562481651
10000001100	0.496562481651
11000000000	0.496558023365
10010110011	0.496486574285
10010110010	0.496486574285
10110100011	0.496486574285
10110100010	0.496486574285
01010100001	0.496486574285
01010100000	0.496486574285
10010101011	0.496486574285
10010101010	0.496486574285
11110000110	0.496486574285
11110000111	0.496486574285
11010101111	0.496486574285
11010000111	0.496486574285
11010000110	0.496486574285
10110001000	0.496486574285
10110001001	0.496486574285
01110101100	0.496486574285
01110101101	0.496486574285
01010101101	0.496486574285
01110000010	0.496486574285
01110000011	0.496486574285
10110010101	0.496486574285
10110010100	0.496486574285
11010101110	0.496486574285
11010011100	0.496486574285
11010011101	0.496486574285
01010111001	0.496486574285
01010111000	0.496486574285
10010110000	0.496486574285
10010110001	0.496486574285
01110110001	0.496486574285
01110110000	0.496486574285
10110100000	0.496486574285
10110100001	0.496486574285
01010100010	0.496486574285
01010100011	0.496486574285
10010101000	0.496486574285
10010101001	0.496486574285
10110001110	0.496486574285
10110001111	0.496486574285
11010000100	0.496486574285
11010000101	0.496486574285
00110111111	0.496486574285
00110111110	0.496486574285
10110010110	0.496486574285
10110010111	0.496486574285
01110101001	0.496486574285
01110101000	0.496486574285
11110110011	0.496486574285
11010011001	0.496486574285
11010011000	0.496486574285
01010010111	0.496486574285
01010010110	0.496486574285
11110011110	0.496486574285
11110011111	0.496486574285
01010111010	0.496486574285
01010111011	0.496486574285
01010110011	0.496486574285
01010110010	0.496486574285
01110110010	0.496486574285
01110110011	0.496486574285
00010001011	0.496486574285
00010001010	0.496486574285
10010110101	0.496486574285
10010110100	0.496486574285
10110100101	0.496486574285
10110100100	0.496486574285
01010001001	0.496486574285
01010001000	0.496486574285
10010101101	0.496486574285
10010101100	0.496486574285
00010101111	0.496486574285
00010101110	0.496486574285
10010000110	0.496486574285
10010000111	0.496486574285
11010000001	0.496486574285
11010000000	0.496486574285
01110010011	0.496486574285
01110010010	0.496486574285
00010011111	0.496486574285
00010011110	0.496486574285
00110111100	0.496486574285
00110111101	0.496486574285
01110101010	0.496486574285
01110101011	0.496486574285
01110100011	0.496486574285
01110100010	0.496486574285
11010011010	0.496486574285
11010011011	0.496486574285
01010010100	0.496486574285
01010010101	0.496486574285
01010110000	0.496486574285
01010110001	0.496486574285
00010001000	0.496486574285
00010001001	0.496486574285
10010110110	0.496486574285
10010110111	0.496486574285
10110111101	0.496486574285
10110111100	0.496486574285
10110100110	0.496486574285
10110100111	0.496486574285
00110001111	0.496486574285
00110001110	0.496486574285
10010101110	0.496486574285
10010101111	0.496486574285
00010101100	0.496486574285
00010101101	0.496486574285
11010000010	0.496486574285
11010000011	0.496486574285
01110010000	0.496486574285
01110010001	0.496486574285
10110111001	0.496486574285
01110011111	0.496486574285
00010011100	0.496486574285
00010011101	0.496486574285
01110100000	0.496486574285
01110100001	0.496486574285
10010011011	0.496486574285
10010011010	0.496486574285
00110010111	0.496486574285
00110010110	0.496486574285
01010010001	0.496486574285
01010010000	0.496486574285
01010000011	0.496486574285
01010000010	0.496486574285
10010000000	0.496486574285
10010000001	0.496486574285
00010001101	0.496486574285
00010001100	0.496486574285
10110111110	0.496486574285
10110111111	0.496486574285
01110001011	0.496486574285
01110001010	0.496486574285
00110001100	0.496486574285
00110001101	0.496486574285
01010011011	0.496486574285
01010011010	0.496486574285
00110100111	0.496486574285
00110100110	0.496486574285
11110001111	0.496486574285
11110001110	0.496486574285
01110010101	0.496486574285
01110010100	0.496486574285
00010011001	0.496486574285
00010011000	0.496486574285
01010010010	0.496486574285
01010010011	0.496486574285
01010000000	0.496486574285
01010000001	0.496486574285
01010101011	0.496486574285
01010101010	0.496486574285
00010001110	0.496486574285
00010001111	0.496486574285
10110111011	0.496486574285
00110010100	0.496486574285
00110010101	0.496486574285
01110001000	0.496486574285
01110001001	0.496486574285
00010110111	0.496486574285
00010110110	0.496486574285
01010011000	0.496486574285
01010011001	0.496486574285
00110001001	0.496486574285
00110001000	0.496486574285
00110100100	0.496486574285
00110100101	0.496486574285
11110001100	0.496486574285
11110001101	0.496486574285
11110011101	0.496486574285
11110011100	0.496486574285
01110010110	0.496486574285
01110010111	0.496486574285
11010110111	0.496486574285
11010110110	0.496486574285
00010011010	0.496486574285
00010011011	0.496486574285
00010010011	0.496486574285
00010010010	0.496486574285
01110111011	0.496486574285
01110111010	0.496486574285
01010001010	0.496486574285
01010001011	0.496486574285
10110011111	0.496486574285
10110011110	0.496486574285
01010101000	0.496486574285
01010101001	0.496486574285
00110010001	0.496486574285
00110010000	0.496486574285
01010000101	0.496486574285
01010000100	0.496486574285
10110110110	0.496486574285
10110011001	0.496486574285
10110011000	0.496486574285
11110010111	0.496486574285
11110010110	0.496486574285
00010110100	0.496486574285
00010110101	0.496486574285
10010001111	0.496486574285
10010001110	0.496486574285
01110001101	0.496486574285
01110001100	0.496486574285
00110001010	0.496486574285
00110001011	0.496486574285
01010011101	0.496486574285
01010011100	0.496486574285
11010101100	0.496486574285
11010010011	0.496486574285
11010010010	0.496486574285
00110100001	0.496486574285
00110100000	0.496486574285
10110111010	0.496486574285
11010110100	0.496486574285
11010110101	0.496486574285
11110001001	0.496486574285
11110001000	0.496486574285
00010010000	0.496486574285
00010010001	0.496486574285
01110111000	0.496486574285
01110111001	0.496486574285
11110111111	0.496486574285
11110111110	0.496486574285
11010101001	0.496486574285
11010101000	0.496486574285
10110000111	0.496486574285
10110000110	0.496486574285
10010010111	0.496486574285
10010010110	0.496486574285
10110011100	0.496486574285
10110011101	0.496486574285
11110011010	0.496486574285
00110010010	0.496486574285
00110010011	0.496486574285
01010000110	0.496486574285
01010000111	0.496486574285
01010101100	0.496486574285
11110010100	0.496486574285
11110010101	0.496486574285
10010001100	0.496486574285
10010001101	0.496486574285
01110001110	0.496486574285
01110001111	0.496486574285
00110011101	0.496486574285
00010110001	0.496486574285
00010110000	0.496486574285
01010011110	0.496486574285
01010011111	0.496486574285
11010001011	0.496486574285
11010001010	0.496486574285
10010111111	0.496486574285
10010111110	0.496486574285
10110110111	0.496486574285
11010010000	0.496486574285
11010010001	0.496486574285
00110100010	0.496486574285
00110100011	0.496486574285
10110101111	0.496486574285
10110101110	0.496486574285
00110111001	0.496486574285
00110111000	0.496486574285
11010100011	0.496486574285
11010100010	0.496486574285
01010110101	0.496486574285
01010110100	0.496486574285
10010100111	0.496486574285
10010100110	0.496486574285
11110001011	0.496486574285
11010110001	0.496486574285
11010110000	0.496486574285
11110100111	0.496486574285
11110100110	0.496486574285
11110001010	0.496486574285
11010101010	0.496486574285
11010101011	0.496486574285
11110111100	0.496486574285
11110111101	0.496486574285
10110000100	0.496486574285
10110000101	0.496486574285
01110111101	0.496486574285
01110111100	0.496486574285
10010010100	0.496486574285
10010010101	0.496486574285
01010101110	0.496486574285
01010101111	0.496486574285
00010110010	0.496486574285
00010110011	0.496486574285
11110010001	0.496486574285
11110010000	0.496486574285
11010001000	0.496486574285
11010001001	0.496486574285
00010101001	0.496486574285
00010101000	0.496486574285
10010001001	0.496486574285
10010001000	0.496486574285
10010111100	0.496486574285
10010111101	0.496486574285
01110100101	0.496486574285
01110100100	0.496486574285
11010010101	0.496486574285
11010010100	0.496486574285
00110111010	0.496486574285
00110111011	0.496486574285
10110101100	0.496486574285
10110101101	0.496486574285
00110110010	0.496486574285
01010110110	0.496486574285
10010100100	0.496486574285
10010100101	0.496486574285
11110100100	0.496486574285
11110100101	0.496486574285
11010110010	0.496486574285
11010110011	0.496486574285
11010111011	0.496486574285
11010111010	0.496486574285
11010100000	0.496486574285
11010100001	0.496486574285
01110111110	0.496486574285
01110111111	0.496486574285
11110111001	0.496486574285
11110111000	0.496486574285
11110011011	0.496486574285
10010010001	0.496486574285
10010010000	0.496486574285
10010000011	0.496486574285
10010000010	0.496486574285
00110110011	0.496486574285
00110101011	0.496486574285
00110101010	0.496486574285
11110010010	0.496486574285
11110010011	0.496486574285
10010001010	0.496486574285
10010001011	0.496486574285
00010101010	0.496486574285
00010101011	0.496486574285
00010100011	0.496486574285
00010100010	0.496486574285
00010000111	0.496486574285
00010000110	0.496486574285
01110100110	0.496486574285
01110100111	0.496486574285
11010001101	0.496486574285
11010001100	0.496486574285
10010111001	0.496486574285
10010111000	0.496486574285
11010010110	0.496486574285
11010010111	0.496486574285
00110110000	0.496486574285
00110110001	0.496486574285
01010110111	0.496486574285
10110101001	0.496486574285
10110101000	0.496486574285
11010100101	0.496486574285
11010100100	0.496486574285
11110110010	0.496486574285
11010111000	0.496486574285
11010111001	0.496486574285
10010100001	0.496486574285
10010100000	0.496486574285
11110100001	0.496486574285
11110100000	0.496486574285
11110111010	0.496486574285
11110111011	0.496486574285
00110000011	0.496486574285
00110000010	0.496486574285
01110011110	0.496486574285
10010010010	0.496486574285
10010010011	0.496486574285
00010111011	0.496486574285
00010111010	0.496486574285
00110101000	0.496486574285
00110101001	0.496486574285
00010100000	0.496486574285
00010100001	0.496486574285
10110110001	0.496486574285
10110110000	0.496486574285
00010000100	0.496486574285
00010000101	0.496486574285
11010001110	0.496486574285
11010001111	0.496486574285
00110110101	0.496486574285
00110110100	0.496486574285
10010111010	0.496486574285
10010111011	0.496486574285
10110101010	0.496486574285
10110101011	0.496486574285
11010100110	0.496486574285
11010100111	0.496486574285
10010100010	0.496486574285
10010100011	0.496486574285
10110001101	0.496486574285
10110001100	0.496486574285
11110100010	0.496486574285
11110100011	0.496486574285
00110011011	0.496486574285
00110011010	0.496486574285
11110101011	0.496486574285
11110101010	0.496486574285
11010111101	0.496486574285
11010111100	0.496486574285
11110110000	0.496486574285
11110110001	0.496486574285
00110000000	0.496486574285
00110000001	0.496486574285
01110011100	0.496486574285
01110011101	0.496486574285
00010111000	0.496486574285
00010111001	0.496486574285
10010011000	0.496486574285
10010011001	0.496486574285
10010000101	0.496486574285
10010000100	0.496486574285
00010100101	0.496486574285
00010100100	0.496486574285
11110000011	0.496486574285
11110000010	0.496486574285
10110110010	0.496486574285
10110110011	0.496486574285
00110101101	0.496486574285
00110101100	0.496486574285
01010001111	0.496486574285
01010001110	0.496486574285
00010010101	0.496486574285
00010010100	0.496486574285
00010000001	0.496486574285
00010000000	0.496486574285
01110000111	0.496486574285
01110000110	0.496486574285
00110110110	0.496486574285
00110110111	0.496486574285
11110110101	0.496486574285
11110110100	0.496486574285
00110011000	0.496486574285
00110011001	0.496486574285
11110101000	0.496486574285
11110101001	0.496486574285
11010111110	0.496486574285
11010111111	0.496486574285
10110000001	0.496486574285
10110000000	0.496486574285
00110000101	0.496486574285
00110000100	0.496486574285
01110011001	0.496486574285
01110011000	0.496486574285
00010111101	0.496486574285
00010111100	0.496486574285
10010011101	0.496486574285
10010011100	0.496486574285
10110011010	0.496486574285
10110011011	0.496486574285
01010100111	0.496486574285
01010100110	0.496486574285
11110000000	0.496486574285
11110000001	0.496486574285
00110101110	0.496486574285
00110101111	0.496486574285
01010001100	0.496486574285
01010001101	0.496486574285
10110111000	0.496486574285
00010100110	0.496486574285
00010100111	0.496486574285
00010010110	0.496486574285
00010010111	0.496486574285
00010000010	0.496486574285
00010000011	0.496486574285
01110000100	0.496486574285
01110000101	0.496486574285
10110010011	0.496486574285
10110010010	0.496486574285
11110110110	0.496486574285
11110110111	0.496486574285
10110000010	0.496486574285
10110000011	0.496486574285
01010111111	0.496486574285
01010111110	0.496486574285
00110011100	0.496486574285
11110101101	0.496486574285
11110101100	0.496486574285
01110110111	0.496486574285
01110110110	0.496486574285
00110000110	0.496486574285
00110000111	0.496486574285
01110011010	0.496486574285
01110011011	0.496486574285
00010111110	0.496486574285
00010111111	0.496486574285
10010011110	0.496486574285
10010011111	0.496486574285
01010111100	0.496486574285
01010100100	0.496486574285
01010100101	0.496486574285
10110110100	0.496486574285
10110110101	0.496486574285
11110000101	0.496486574285
11110000100	0.496486574285
10110001011	0.496486574285
10110001010	0.496486574285
11010101101	0.496486574285
10110010000	0.496486574285
10110010001	0.496486574285
01110000001	0.496486574285
01110000000	0.496486574285
01110101111	0.496486574285
01110101110	0.496486574285
11010011111	0.496486574285
11010011110	0.496486574285
11110011000	0.496486574285
11110011001	0.496486574285
01010111101	0.496486574285
00110011110	0.496486574285
00110011111	0.496486574285
11110101110	0.496486574285
11110101111	0.496486574285
01110110100	0.496486574285
01110110101	0.496486574285
10011000001	0.496481080034
10011000000	0.496481080034
01111111001	0.496481080034
01111111000	0.496481080034
10111011011	0.496481080034
10111011010	0.496481080034
00011111110	0.496481080034
10011011010	0.496481080034
10011011011	0.496481080034
11111010011	0.496481080034
11111010010	0.496481080034
11011110111	0.496481080034
00111111000	0.496481080034
00111111001	0.496481080034
00111100011	0.496481080034
00111100010	0.496481080034
01011010011	0.496481080034
01011010010	0.496481080034
10011101110	0.496481080034
10111110110	0.496481080034
10111110111	0.496481080034
01111011000	0.496481080034
01111011001	0.496481080034
10111001111	0.496481080034
10111001110	0.496481080034
01011110100	0.496481080034
01011110101	0.496481080034
10111110010	0.496481080034
00011001001	0.496481080034
00011001000	0.496481080034
01111000101	0.496481080034
01111000100	0.496481080034
00111001110	0.496481080034
00111001111	0.496481080034
01111100001	0.496481080034
01111100000	0.496481080034
01111111010	0.496481080034
01111111011	0.496481080034
10011000010	0.496481080034
10011000011	0.496481080034
01011101001	0.496481080034
01011101000	0.496481080034
11111101010	0.496481080034
00011100111	0.496481080034
00011100110	0.496481080034
00011111100	0.496481080034
00011111101	0.496481080034
00111100000	0.496481080034
00111100001	0.496481080034
01011001011	0.496481080034
01011001010	0.496481080034
00111111101	0.496481080034
00111111100	0.496481080034
01011010000	0.496481080034
01011010001	0.496481080034
10111111110	0.496481080034
01011100011	0.496481080034
01011100010	0.496481080034
10111001100	0.496481080034
10111001101	0.496481080034
11111101111	0.496481080034
11111101110	0.496481080034
00011001010	0.496481080034
00011001011	0.496481080034
11111001011	0.496481080034
11111001010	0.496481080034
01111000110	0.496481080034
01111000111	0.496481080034
01111100010	0.496481080034
01111100011	0.496481080034
01011110001	0.496481080034
01011110000	0.496481080034
01011101010	0.496481080034
01011101011	0.496481080034
11111101011	0.496481080034
00011100100	0.496481080034
00011100101	0.496481080034
10111011101	0.496481080034
10111011100	0.496481080034
00111100101	0.496481080034
00111100100	0.496481080034
11011110110	0.496481080034
00011111001	0.496481080034
00011111000	0.496481080034
01011001000	0.496481080034
01011001001	0.496481080034
00111111110	0.496481080034
10011111101	0.496481080034
10011111100	0.496481080034
11011010001	0.496481080034
11011010000	0.496481080034
11111110111	0.496481080034
11111110110	0.496481080034
01011010101	0.496481080034
01011010100	0.496481080034
11111101100	0.496481080034
11111101101	0.496481080034
10111001001	0.496481080034
10111001000	0.496481080034
01011110010	0.496481080034
01011110011	0.496481080034
01011111011	0.496481080034
01011111010	0.496481080034
01011100000	0.496481080034
01011100001	0.496481080034
00011100001	0.496481080034
00011100000	0.496481080034
11011001111	0.496481080034
11011001110	0.496481080034
10111011110	0.496481080034
10111011111	0.496481080034
00111100110	0.496481080034
00111100111	0.496481080034
00011111010	0.496481080034
00011111011	0.496481080034
00011110011	0.496481080034
00011110010	0.496481080034
11111011100	0.496481080034
10011111110	0.496481080034
11111011101	0.496481080034
01011010110	0.496481080034
01011010111	0.496481080034
11111110100	0.496481080034
11111110101	0.496481080034
01011100101	0.496481080034
01011100100	0.496481080034
10111001010	0.496481080034
10111001011	0.496481080034
10111000011	0.496481080034
10111000010	0.496481080034
10011010011	0.496481080034
10011010010	0.496481080034
01011111001	0.496481080034
11011100111	0.496481080034
11011100110	0.496481080034
10111100111	0.496481080034
10111100110	0.496481080034
11111011011	0.496481080034
11011010111	0.496481080034
11011010110	0.496481080034
10111110011	0.496481080034
00011100010	0.496481080034
00011100011	0.496481080034
00011101011	0.496481080034
00011101010	0.496481080034
11011001100	0.496481080034
11011001101	0.496481080034
11111000111	0.496481080034
11111000110	0.496481080034
00011110000	0.496481080034
00011110001	0.496481080034
11111011001	0.496481080034
01011001110	0.496481080034
01011001111	0.496481080034
00011010001	0.496481080034
00011010000	0.496481080034
11011111110	0.496481080034
01111011101	0.496481080034
01111011100	0.496481080034
10011001011	0.496481080034
10011001010	0.496481080034
01111110011	0.496481080034
01111110010	0.496481080034
01011100110	0.496481080034
01011100111	0.496481080034
10111111100	0.496481080034
11111010110	0.496481080034
10111000000	0.496481080034
10111000001	0.496481080034
10011010000	0.496481080034
10011010001	0.496481080034
10111100100	0.496481080034
10111100101	0.496481080034
11011100100	0.496481080034
11011100101	0.496481080034
01011111101	0.496481080034
01011111100	0.496481080034
00011101000	0.496481080034
00011101001	0.496481080034
11111000100	0.496481080034
11111000101	0.496481080034
00011000011	0.496481080034
00011000010	0.496481080034
11111011010	0.496481080034
00011110101	0.496481080034
00011110100	0.496481080034
01111101011	0.496481080034
01111101010	0.496481080034
00011010010	0.496481080034
00011010011	0.496481080034
11011111100	0.496481080034
11011111101	0.496481080034
00011011011	0.496481080034
00011011010	0.496481080034
01111011110	0.496481080034
01111011111	0.496481080034
01111110000	0.496481080034
01111110001	0.496481080034
10011001000	0.496481080034
10011001001	0.496481080034
10011010101	0.496481080034
10011010100	0.496481080034
11111011111	0.496481080034
11111011110	0.496481080034
01011111110	0.496481080034
10111100001	0.496481080034
10111100000	0.496481080034
11011100001	0.496481080034
11011100000	0.496481080034
11111000001	0.496481080034
11111000000	0.496481080034
00011000000	0.496481080034
00011000001	0.496481080034
10011101100	0.496481080034
10011101101	0.496481080034
00011110110	0.496481080034
00011110111	0.496481080034
01111101000	0.496481080034
01111101001	0.496481080034
11111011000	0.496481080034
00011011000	0.496481080034
00011011001	0.496481080034
10011001101	0.496481080034
10011001100	0.496481080034
10111110000	0.496481080034
10111110001	0.496481080034
11011111001	0.496481080034
11011111000	0.496481080034
10111011000	0.496481080034
10111011001	0.496481080034
01111110101	0.496481080034
01111110100	0.496481080034
11011100010	0.496481080034
11011100011	0.496481080034
10111100010	0.496481080034
10111100011	0.496481080034
10111111001	0.496481080034
10111111000	0.496481080034
10011101111	0.496481080034
11111000010	0.496481080034
11111000011	0.496481080034
00011000101	0.496481080034
00011000100	0.496481080034
10111010111	0.496481080034
10111010110	0.496481080034
00111110100	0.496481080034
00111110101	0.496481080034
10111111101	0.496481080034
01111101101	0.496481080034
01111101100	0.496481080034
00111101111	0.496481080034
00111101110	0.496481080034
01011001101	0.496481080034
10011001110	0.496481080034
10011001111	0.496481080034
01011101111	0.496481080034
11111110001	0.496481080034
11111110000	0.496481080034
00011011101	0.496481080034
00011011100	0.496481080034
11011111010	0.496481080034
11011111011	0.496481080034
11011110011	0.496481080034
11011110010	0.496481080034
10011110111	0.496481080034
10011110110	0.496481080034
01111110110	0.496481080034
01111110111	0.496481080034
01011011111	0.496481080034
01011011110	0.496481080034
01011001100	0.496481080034
10111111010	0.496481080034
10111111011	0.496481080034
00111011111	0.496481080034
00111011110	0.496481080034
11011001001	0.496481080034
11011001000	0.496481080034
10011100110	0.496481080034
11111001000	0.496481080034
11111001001	0.496481080034
11011010010	0.496481080034
11111100011	0.496481080034
11111100010	0.496481080034
00011000110	0.496481080034
00011000111	0.496481080034
10111010100	0.496481080034
10111010101	0.496481080034
00111101100	0.496481080034
00111101101	0.496481080034
01111101110	0.496481080034
01111101111	0.496481080034
11011010100	0.496481080034
11011010101	0.496481080034
00111110001	0.496481080034
00111110000	0.496481080034
01011000111	0.496481080034
01011000110	0.496481080034
11111110010	0.496481080034
11111110011	0.496481080034
00011011110	0.496481080034
00011011111	0.496481080034
11011110000	0.496481080034
11011110001	0.496481080034
10011110100	0.496481080034
10011110101	0.496481080034
00111000111	0.496481080034
00111000110	0.496481080034
01011011100	0.496481080034
01011011101	0.496481080034
00111011100	0.496481080034
00111011101	0.496481080034
11011001010	0.496481080034
11011001011	0.496481080034
11111010101	0.496481080034
11111010100	0.496481080034
10011101001	0.496481080034
10011101000	0.496481080034
11111101000	0.496481080034
11111111011	0.496481080034
11111111010	0.496481080034
11111100000	0.496481080034
11111100001	0.496481080034
01011111000	0.496481080034
10111000101	0.496481080034
10111000100	0.496481080034
10111010001	0.496481080034
10111010000	0.496481080034
01011000100	0.496481080034
01011000101	0.496481080034
00111110010	0.496481080034
00111110011	0.496481080034
00111101001	0.496481080034
00111101000	0.496481080034
00111000100	0.496481080034
00111000101	0.496481080034
01111001111	0.496481080034
01111001110	0.496481080034
11011000011	0.496481080034
11011000010	0.496481080034
10011110001	0.496481080034
10011110000	0.496481080034
00011101101	0.496481080034
00011101100	0.496481080034
10011100011	0.496481080034
10011100010	0.496481080034
01111010111	0.496481080034
01111010110	0.496481080034
11111010000	0.496481080034
11011011011	0.496481080034
11011011010	0.496481080034
01011011001	0.496481080034
01011011000	0.496481080034
11111010001	0.496481080034
10011101010	0.496481080034
10011101011	0.496481080034
00111011001	0.496481080034
00111011000	0.496481080034
11111111000	0.496481080034
11111111001	0.496481080034
11111101001	0.496481080034
10111000110	0.496481080034
10111000111	0.496481080034
11111100101	0.496481080034
11111100100	0.496481080034
10111010010	0.496481080034
10111010011	0.496481080034
00111101010	0.496481080034
00111101011	0.496481080034
01111001100	0.496481080034
01111001101	0.496481080034
01011000001	0.496481080034
01011000000	0.496481080034
11011000000	0.496481080034
11011000001	0.496481080034
10111101011	0.496481080034
10111101010	0.496481080034
11011101011	0.496481080034
11011101010	0.496481080034
00111000001	0.496481080034
00111000000	0.496481080034
10011110010	0.496481080034
10011110011	0.496481080034
10011111011	0.496481080034
10011111010	0.496481080034
00111010011	0.496481080034
00111010010	0.496481080034
00011101110	0.496481080034
00011101111	0.496481080034
10011100000	0.496481080034
10011100001	0.496481080034
01111010100	0.496481080034
01111010101	0.496481080034
11011011000	0.496481080034
11011011001	0.496481080034
11011010011	0.496481080034
01011011010	0.496481080034
01011011011	0.496481080034
00111011010	0.496481080034
00111011011	0.496481080034
10011011111	0.496481080034
10011011110	0.496481080034
00111110111	0.496481080034
00111110110	0.496481080034
11111111101	0.496481080034
11111111100	0.496481080034
11111100110	0.496481080034
11111100111	0.496481080034
01011000010	0.496481080034
01011000011	0.496481080034
11011101000	0.496481080034
11011101001	0.496481080034
10111101000	0.496481080034
10111101001	0.496481080034
00111000010	0.496481080034
00111000011	0.496481080034
01111001001	0.496481080034
01111001000	0.496481080034
00111001011	0.496481080034
00111001010	0.496481080034
00111010000	0.496481080034
00111010001	0.496481080034
10011111000	0.496481080034
10011111001	0.496481080034
11011000101	0.496481080034
11011000100	0.496481080034
01111111110	0.496481080034
10011000111	0.496481080034
10011000110	0.496481080034
10011100101	0.496481080034
10011100100	0.496481080034
01111010001	0.496481080034
01111010000	0.496481080034
11011011101	0.496481080034
11011011100	0.496481080034
10011011100	0.496481080034
10011011101	0.496481080034
11111010111	0.496481080034
11111111110	0.496481080034
00011001111	0.496481080034
00011001110	0.496481080034
01111001010	0.496481080034
01111001011	0.496481080034
00111001000	0.496481080034
00111001001	0.496481080034
01111000011	0.496481080034
01111000010	0.496481080034
11011000110	0.496481080034
11011000111	0.496481080034
01111100111	0.496481080034
01111100110	0.496481080034
11011101101	0.496481080034
11011101100	0.496481080034
10111101101	0.496481080034
10111101100	0.496481080034
10011000100	0.496481080034
10011000101	0.496481080034
01111111100	0.496481080034
01111111101	0.496481080034
01011101110	0.496481080034
00111010101	0.496481080034
00111010100	0.496481080034
11111001101	0.496481080034
11111001100	0.496481080034
00011010111	0.496481080034
00011010110	0.496481080034
10011100111	0.496481080034
01111010010	0.496481080034
01111010011	0.496481080034
11011011110	0.496481080034
11011011111	0.496481080034
10011011001	0.496481080034
10011011000	0.496481080034
11011110101	0.496481080034
11011110100	0.496481080034
00111111011	0.496481080034
00111111010	0.496481080034
10111110101	0.496481080034
10111110100	0.496481080034
11111001110	0.496481080034
00011001100	0.496481080034
00011001101	0.496481080034
11111001111	0.496481080034
01111011011	0.496481080034
01111011010	0.496481080034
10011010110	0.496481080034
10011010111	0.496481080034
01111000000	0.496481080034
01111000001	0.496481080034
01111100100	0.496481080034
01111100101	0.496481080034
01011110111	0.496481080034
01011110110	0.496481080034
11011101110	0.496481080034
11011101111	0.496481080034
10111101110	0.496481080034
10111101111	0.496481080034
01011101100	0.496481080034
01011101101	0.496481080034
00111001101	0.496481080034
00111001100	0.496481080034
00111010110	0.496481080034
00111010111	0.496481080034
00011010100	0.496481080034
00011010101	0.496481080034
11000010010	0.496454522885
10100010010	0.496454522885
00000010010	0.496454522885
00100010010	0.496454522885
10000010010	0.496454522885
01000010010	0.496454522885
01100010010	0.496454522885
11100010010	0.496454522885
10100110010	0.496453608781
11000110010	0.496453608781
00000110010	0.496453608781
10000110010	0.496453608781
11100110010	0.496453608781
01100110010	0.496453608781
01000110010	0.496453608781
00100110010	0.496453608781
00011111111	0.496282981777
10111111111	0.496282981777
00111111111	0.496282981777
10011111111	0.496282981777
11011111111	0.496282981777
01011111111	0.496282981777
01111111111	0.496282981777
11111111111	0.496282981777
00000001110	0.496177865356
11000001110	0.496177865356
01000001110	0.496177865356
01100001110	0.496177865356
10100001110	0.496177865356
00100001110	0.496177865356
10000001110	0.496177865356
11100001110	0.496177865356
00000001111	0.496175173595
11000001111	0.496175173595
01000001111	0.496175173595
01100001111	0.496175173595
10100001111	0.496175173595
00100001111	0.496175173595
10000001111	0.496175173595
11100001111	0.496175173595
01000000000	0.496173676401
00100011100	0.491754962702
00100011101	0.491754962702
10000011100	0.491754962702
10000011101	0.491754962702
10100011101	0.491754962702
10100011100	0.491754962702
01000011100	0.491754962702
01000011101	0.491754962702
11100011100	0.491754962702
11100011101	0.491754962702
00000011101	0.491754962702
00000011100	0.491754962702
11000011101	0.491754962702
11000011100	0.491754962702
01100011101	0.491754962702
01100011100	0.491754962702
01000010110	0.491564186903
01000010111	0.491564186903
00000010111	0.491564186903
00000010110	0.491564186903
11100010110	0.491564186903
01100010111	0.491564186903
01100010110	0.491564186903
11100010111	0.491564186903
00100010110	0.491564186903
00100010111	0.491564186903
11000010111	0.491564186903
11000010110	0.491564186903
10000010110	0.491564186903
10000010111	0.491564186903
10100010111	0.491564186903
10100010110	0.491564186903
00100011110	0.491556864446
01100011110	0.491556864446
10000011110	0.491556864446
10100011110	0.491556864446
11100011110	0.491556864446
00000011110	0.491556864446
11000011110	0.491556864446
01000011110	0.491556864446
11100010101	0.49136856875
11100010100	0.49136856875
10100010100	0.49136856875
10100010101	0.49136856875
11000010100	0.49136856875
00000010100	0.49136856875
00000010101	0.49136856875
01100010100	0.49136856875
01100010101	0.49136856875
00100010101	0.49136856875
00100010100	0.49136856875
10000010101	0.49136856875
10000010100	0.49136856875
01000010101	0.49136856875
01000010100	0.49136856875
11000010101	0.49136856875
01100101111	0.491367654646
10000101111	0.491367654646
10000101110	0.491367654646
11100101111	0.491367654646
11100101110	0.491367654646
01100101110	0.491367654646
11000101110	0.491367654646
11000101111	0.491367654646
01000101111	0.491367654646
01000101110	0.491367654646
00000101110	0.491367654646
00000101111	0.491367654646
00100101111	0.491367654646
00100101110	0.491367654646
10100101110	0.491367654646
10100101111	0.491367654646
00100011111	0.491364260439
01100011111	0.491364260439
10000011111	0.491364260439
10100011111	0.491364260439
11100011111	0.491364260439
11000011111	0.491364260439
00000011111	0.491364260439
01000011111	0.491364260439
10100000000	0.490577850116
00001000111	0.489316197229
00001000110	0.489316197229
11101000110	0.489316197229
11101000111	0.489316197229
11001000111	0.489316197229
11001000110	0.489316197229
10101000111	0.489316197229
10101000110	0.489316197229
01001000110	0.489316197229
01001000111	0.489316197229
10001000110	0.489316197229
10001000111	0.489316197229
00101000110	0.489316197229
00101000111	0.489316197229
01101000111	0.489316197229
01101000110	0.489316197229
10001001111	0.489315283125
10001001110	0.489315283125
00101001111	0.489315283125
00101001110	0.489315283125
10101001110	0.489315283125
10101001111	0.489315283125
11001001110	0.489315283125
00001001110	0.489315283125
00001001111	0.489315283125
01101001110	0.489315283125
01101001111	0.489315283125
11001001111	0.489315283125
11101001111	0.489315283125
11101001110	0.489315283125
01001001111	0.489315283125
01001001110	0.489315283125
01001001000	0.489310111261
10101001000	0.489310111261
10001001000	0.489310111261
00001001000	0.489310111261
01101001000	0.489310111261
00101001000	0.489310111261
11001001000	0.489310111261
11101001000	0.489310111261
01101000100	0.489118098972
01101000101	0.489118098972
00001000100	0.489118098972
00001000101	0.489118098972
11101000101	0.489118098972
11101000100	0.489118098972
11001000100	0.489118098972
11001000101	0.489118098972
01001000101	0.489118098972
01001000100	0.489118098972
10101000100	0.489118098972
10101000101	0.489118098972
10001000101	0.489118098972
10001000100	0.489118098972
00101000101	0.489118098972
00101000100	0.489118098972
10001001100	0.489117184868
10001001101	0.489117184868
10101001101	0.489117184868
10101001100	0.489117184868
00101001100	0.489117184868
00101001101	0.489117184868
11001001101	0.489117184868
00001001101	0.489117184868
00001001100	0.489117184868
01101001100	0.489117184868
01101001101	0.489117184868
11101001100	0.489117184868
11101001101	0.489117184868
01001001100	0.489117184868
01001001101	0.489117184868
11001001100	0.489117184868
10001010110	0.488925875025
10101010110	0.488925875025
10101010111	0.488925875025
01101010110	0.488925875025
01101010111	0.488925875025
01001010111	0.488925875025
01001010110	0.488925875025
11001011110	0.488925875025
10101011110	0.488925875025
00101010110	0.488925875025
11101011110	0.488925875025
00001010110	0.488925875025
00001010111	0.488925875025
01101011110	0.488925875025
10001010111	0.488925875025
00101010111	0.488925875025
00001011110	0.488925875025
11001010110	0.488925875025
11001010111	0.488925875025
10001011110	0.488925875025
11101010111	0.488925875025
11101010110	0.488925875025
00101011110	0.488925875025
01001011110	0.488925875025
01101100101	0.488922480819
01101100100	0.488922480819
01001100100	0.488922480819
01001100101	0.488922480819
11101100100	0.488922480819
11101100101	0.488922480819
00001100101	0.488922480819
00001100100	0.488922480819
10101100101	0.488922480819
10101100100	0.488922480819
00101100100	0.488922480819
00101100101	0.488922480819
11001100101	0.488922480819
11001100100	0.488922480819
10001100100	0.488922480819
10001100101	0.488922480819
10001010101	0.488727776769
11101011101	0.488727776769
11101011100	0.488727776769
10101010101	0.488727776769
10101010100	0.488727776769
01001010100	0.488727776769
01001010101	0.488727776769
11101011000	0.488727776769
10001010100	0.488727776769
00001011000	0.488727776769
01101010101	0.488727776769
01101010100	0.488727776769
00001010101	0.488727776769
00001010100	0.488727776769
11001011100	0.488727776769
11001011101	0.488727776769
10101011100	0.488727776769
10101011101	0.488727776769
00101010100	0.488727776769
00101010101	0.488727776769
11001011000	0.488727776769
10101011000	0.488727776769
01101011100	0.488727776769
01101011101	0.488727776769
01101011000	0.488727776769
11001010101	0.488727776769
11001010100	0.488727776769
10001011101	0.488727776769
10001011100	0.488727776769
00101011000	0.488727776769
00101011101	0.488727776769
00101011100	0.488727776769
01001011000	0.488727776769
00001011100	0.488727776769
00001011101	0.488727776769
10001011000	0.488727776769
11101010100	0.488727776769
11101010101	0.488727776769
01001011101	0.488727776769
01001011100	0.488727776769
10000000000	0.481868315233
