1601,0.0,0.0,64.0,40.0,68.0,195259.0,83207.0,8351.0,4651.0,22933.0,11960.0,9481.0,10501.0,0,7,7,6,2
2501,0.0,0.0,61.0,40.0,104.0,339505.0,252097.0,52682.0,27807.0,24808.0,14025.0,6257.0,12746.0,0,7,7,6,2
3399,0.0,0.0,53.0,20.0,40.0,135836.0,35017.0,2896.0,2566.0,2636.0,2709.0,1770.0,1806.0,0,7,7,6,2
4600,0.0,0.0,48.0,38.0,-71.0,719574.0,141089.0,62617.0,11022.0,5105.0,8467.0,6716.0,7816.0,0,7,7,6,2
5502,0.0,0.0,40.0,43.0,-6.0,159765.0,179710.0,28142.0,17174.0,47666.0,12162.0,4185.0,4498.0,0,7,7,6,2
6398,0.0,0.0,51.0,41.0,104.0,1011596.0,86165.0,19202.0,7423.0,21085.0,13493.0,7497.0,4326.0,0,7,7,6,2
7302,0.0,0.0,60.0,43.0,-11.0,753483.0,193208.0,32660.0,9951.0,29813.0,42772.0,7614.0,1711.0,0,7,7,6,2
8499,0.0,0.0,74.0,47.0,-33.0,438231.0,27444.0,17231.0,17071.0,18384.0,10498.0,7071.0,6000.0,0,7,7,6,2
9398,0.0,0.0,80.0,60.0,117.0,452039.0,70352.0,57441.0,18418.0,18432.0,13897.0,12064.0,3861.0,0,7,7,6,2
10303,0.0,0.0,77.0,64.0,91.0,197464.0,15615.0,5164.0,3037.0,3831.0,1935.0,2316.0,1683.0,0,7,7,6,2
11500,0.0,0.0,67.0,54.0,-25.0,969137.0,328670.0,7711.0,7672.0,4079.0,27268.0,12487.0,5812.0,0,7,7,6,2
12402,0.0,0.0,69.0,61.0,-6.0,9360.0,8977.0,19301.0,13364.0,7456.0,7192.0,6305.0,8930.0,0,7,7,6,2
13299,0.0,0.0,64.0,40.0,102.0,382681.0,282334.0,12994.0,9662.0,23253.0,18915.0,7940.0,9060.0,0,7,7,6,2
14500,0.0,0.0,66.0,41.0,70.0,138338.0,19579.0,9105.0,4608.0,3545.0,3808.0,1548.0,1135.0,0,7,7,6,2
15401,0.0,0.0,74.0,66.0,-14.0,93379.0,25629.0,27197.0,14407.0,16578.0,11103.0,9182.0,6086.0,0,7,7,6,2
16303,0.0,0.0,56.0,47.0,-114.0,1145244.0,243413.0,22326.0,23708.0,19968.0,11038.0,3635.0,3849.0,0,7,7,6,2
17499,0.0,0.0,60.0,60.0,67.0,128354.0,113054.0,27633.0,21053.0,6022.0,12496.0,4728.0,2872.0,0,7,7,6,2
18401,0.0,0.0,54.0,66.0,246.0,130542.0,10857.0,7972.0,8814.0,6799.0,1764.0,4911.0,881.0,0,7,7,6,2
19302,0.0,0.0,47.0,51.0,-45.0,941769.0,53601.0,7730.0,6310.0,28404.0,4877.0,5112.0,1834.0,0,7,7,6,2
20499,0.0,0.0,47.0,57.0,-57.0,727951.0,111375.0,30756.0,11090.0,4032.0,5250.0,2151.0,1319.0,0,7,7,6,2
21401,0.0,0.0,47.0,64.0,439.0,79958.0,10294.0,4389.0,4287.0,2490.0,1619.0,1092.0,1424.0,0,7,7,6,2
22301,0.0,0.0,48.0,54.0,86.0,995581.0,51780.0,5952.0,19820.0,9540.0,6034.0,4385.0,1496.0,0,7,7,6,2
23502,0.0,0.0,44.0,64.0,27.0,1945247.0,135495.0,46329.0,28228.0,32693.0,11219.0,17497.0,5956.0,0,7,7,6,2
24400,0.0,0.0,60.0,57.0,-217.0,1379433.0,228223.0,43161.0,11758.0,61333.0,46486.0,11137.0,10176.0,0,7,7,6,2
25300,0.0,0.0,63.0,47.0,42.0,378671.0,43901.0,9105.0,1506.0,8365.0,5696.0,1700.0,1000.0,0,7,7,6,2
26502,0.0,0.0,60.0,50.0,36.0,995558.0,126182.0,40780.0,20954.0,5406.0,9553.0,16323.0,6981.0,0,7,7,6,2
27403,0.0,0.0,60.0,43.0,-10.0,1393112.0,288555.0,51201.0,33863.0,40249.0,21843.0,6773.0,5220.0,0,7,7,6,2
28299,0.0,0.0,56.0,43.0,-21.0,87865.0,49395.0,3261.0,7475.0,13438.0,6587.0,7146.0,4833.0,0,7,7,6,2
29500,0.0,0.0,50.0,44.0,138.0,770466.0,56991.0,12632.0,2575.0,4424.0,3939.0,2218.0,1652.0,0,7,7,6,2
30402,0.0,0.0,43.0,41.0,26.0,134760.0,69731.0,15172.0,5308.0,5975.0,2381.0,1281.0,1273.0,0,7,7,6,2
31299,0.0,0.0,30.0,29.0,204.0,363149.0,644992.0,41729.0,12866.0,21736.0,11396.0,18561.0,10930.0,0,7,7,6,2
32199,0.0,0.0,23.0,50.0,-118.0,888230.0,36995.0,54406.0,37121.0,28975.0,6584.0,5678.0,2578.0,0,7,7,6,2
33401,0.0,0.0,26.0,56.0,252.0,324497.0,40939.0,10602.0,11072.0,5310.0,5559.0,2119.0,4713.0,0,7,7,6,2
34302,0.0,0.0,20.0,50.0,276.0,52044.0,50413.0,4307.0,3509.0,9551.0,891.0,694.0,1392.0,0,7,7,6,2
35198,0.0,0.0,24.0,69.0,183.0,2168283.0,60900.0,36118.0,28272.0,19326.0,3580.0,4028.0,5977.0,0,7,7,6,2
36399,0.0,0.0,23.0,41.0,-39.0,1794773.0,474088.0,9932.0,21839.0,51065.0,22090.0,19380.0,26116.0,0,7,7,6,2
37303,0.0,0.0,14.0,44.0,40.0,822957.0,362503.0,67801.0,171225.0,34502.0,21577.0,8370.0,9814.0,0,7,7,6,2
38197,0.0,0.0,29.0,56.0,39.0,1415359.0,160566.0,35050.0,59714.0,12605.0,17348.0,12265.0,8885.0,0,7,7,6,2
39398,0.0,0.0,27.0,48.0,19.0,883553.0,589217.0,211761.0,6042.0,65794.0,15685.0,15602.0,7300.0,0,7,7,6,2
40300,0.0,0.0,27.0,54.0,-104.0,600896.0,581680.0,37134.0,38599.0,47431.0,28951.0,27375.0,7959.0,0,7,7,6,2
41201,0.0,0.0,48.0,53.0,100.0,18341.0,11417.0,4618.0,11299.0,11424.0,6622.0,5123.0,3483.0,0,7,7,6,2
42401,0.0,0.0,44.0,57.0,-34.0,627752.0,65466.0,56173.0,14396.0,17650.0,8015.0,2220.0,1524.0,0,7,7,6,2
43299,0.0,0.0,56.0,60.0,-87.0,1038904.0,47727.0,12133.0,13306.0,7431.0,4146.0,5612.0,1306.0,0,7,7,6,2
44199,0.0,0.0,66.0,78.0,-130.0,685536.0,19599.0,50933.0,4213.0,37303.0,9003.0,8883.0,2808.0,0,7,7,6,2
45402,0.0,0.0,41.0,66.0,19.0,675049.0,838177.0,59469.0,76107.0,25538.0,17483.0,15041.0,8281.0,0,7,7,6,2
46303,0.0,0.0,44.0,57.0,8.0,691811.0,279685.0,36849.0,59234.0,10953.0,28261.0,12517.0,4701.0,0,7,7,6,2
47198,0.0,0.0,63.0,50.0,25.0,1307902.0,96068.0,16995.0,13772.0,43336.0,53393.0,27831.0,7816.0,0,7,7,6,2
48399,0.0,0.0,54.0,48.0,-278.0,977402.0,106268.0,58437.0,29384.0,8701.0,9745.0,1762.0,955.0,0,7,7,6,2
49301,0.0,0.0,56.0,57.0,-103.0,1621680.0,163721.0,78727.0,6202.0,11262.0,5605.0,5481.0,2985.0,0,7,7,6,2
50200,0.0,0.0,50.0,50.0,122.0,751134.0,71497.0,7284.0,2865.0,3584.0,3236.0,2077.0,1711.0,0,7,7,6,2
51399,0.0,0.0,35.0,63.0,-69.0,1143325.0,212907.0,176351.0,54345.0,56592.0,37357.0,5718.0,6379.0,0,7,7,6,2
52300,0.0,0.0,44.0,53.0,-121.0,184946.0,190156.0,31553.0,19853.0,19978.0,40759.0,18386.0,10167.0,0,7,7,6,2
53200,0.0,0.0,60.0,54.0,67.0,1358293.0,129772.0,91850.0,11365.0,28017.0,20031.0,9633.0,8295.0,0,7,7,6,2
54402,0.0,0.0,66.0,67.0,83.0,58522.0,34479.0,9330.0,12182.0,3583.0,4526.0,2738.0,1699.0,0,7,7,6,2
55303,0.0,0.0,51.0,53.0,89.0,2042970.0,535659.0,38688.0,47812.0,28485.0,11282.0,7104.0,8305.0,0,7,7,6,2
56198,0.0,0.0,43.0,61.0,-135.0,391961.0,233455.0,141948.0,19954.0,25260.0,26708.0,15983.0,2527.0,0,7,7,6,2
57104,0.0,0.0,30.0,53.0,5.0,258790.0,141213.0,28808.0,5191.0,2468.0,5074.0,2066.0,1426.0,0,7,7,6,2
58301,0.0,0.0,17.0,27.0,93.0,387465.0,197892.0,1404.0,6167.0,11318.0,3923.0,2487.0,716.0,0,7,7,6,2
59201,0.0,0.0,21.0,23.0,86.0,2204784.0,743065.0,54901.0,23758.0,137241.0,19782.0,12399.0,4884.0,0,7,7,6,2
60102,0.0,0.0,14.0,26.0,-123.0,759119.0,79264.0,49691.0,13236.0,11565.0,5247.0,2682.0,1170.0,0,7,7,6,2
61304,0.0,0.0,23.0,29.0,25.0,228637.0,43881.0,14133.0,5713.0,5473.0,4071.0,4721.0,1903.0,0,7,7,6,2
62204,0.0,0.0,24.0,43.0,113.0,568710.0,114882.0,14586.0,4945.0,11726.0,3388.0,2836.0,2267.0,0,7,7,6,2
63101,0.0,0.0,26.0,34.0,43.0,542198.0,874132.0,6867.0,8410.0,14795.0,25106.0,13026.0,7513.0,0,7,7,6,2
64301,0.0,0.0,26.0,30.0,149.0,162440.0,37714.0,12910.0,9154.0,8728.0,2196.0,1714.0,1798.0,0,7,7,6,2
65201,0.0,0.0,38.0,43.0,-7.0,303326.0,10719.0,33707.0,17345.0,12563.0,14034.0,18468.0,3570.0,0,7,7,6,2
66102,0.0,0.0,56.0,60.0,13.0,870816.0,63706.0,55212.0,21227.0,13212.0,22622.0,7948.0,5021.0,0,7,7,6,2
67304,0.0,0.0,63.0,87.0,73.0,1468785.0,86058.0,31797.0,13776.0,8501.0,7691.0,2562.0,2371.0,0,7,7,6,2
68199,0.0,0.0,64.0,90.0,89.0,487111.0,255155.0,138608.0,49992.0,22086.0,19223.0,9641.0,12462.0,0,7,7,6,2
69100,0.0,0.0,56.0,75.0,-89.0,778537.0,154807.0,23318.0,24104.0,31392.0,16933.0,4842.0,3762.0,0,7,7,6,2
70300,0.0,0.0,38.0,66.0,61.0,410608.0,119144.0,14692.0,23722.0,4380.0,4090.0,3387.0,1353.0,0,7,7,6,2
71200,0.0,0.0,30.0,63.0,-41.0,394575.0,182640.0,28555.0,33203.0,8421.0,6606.0,2742.0,1302.0,0,7,7,6,2
72103,0.0,0.0,35.0,57.0,26.0,349217.0,259866.0,86347.0,18610.0,24073.0,23823.0,8418.0,7851.0,0,7,7,6,2
73303,0.0,0.0,27.0,56.0,-4.0,114358.0,142296.0,19092.0,5621.0,4899.0,7183.0,3016.0,1437.0,0,7,7,6,2
74200,0.0,0.0,47.0,56.0,65.0,319578.0,38636.0,7110.0,9273.0,8309.0,9826.0,4656.0,1429.0,0,7,7,6,2
75101,0.0,0.0,44.0,51.0,33.0,1597491.0,418371.0,37960.0,36763.0,24473.0,10824.0,23936.0,5917.0,0,7,7,6,2
76303,0.0,0.0,51.0,54.0,-125.0,614889.0,66078.0,25599.0,57198.0,75391.0,21206.0,15178.0,5305.0,0,7,7,6,2
77198,0.0,0.0,61.0,54.0,56.0,937492.0,53628.0,864.0,10646.0,18877.0,7928.0,5975.0,1025.0,0,7,7,6,2
78104,0.0,0.0,41.0,43.0,-1.0,869031.0,505678.0,16096.0,26461.0,32236.0,13372.0,12555.0,9056.0,0,7,7,6,2
79303,0.0,0.0,51.0,48.0,20.0,187580.0,263485.0,24430.0,65984.0,21659.0,17989.0,9011.0,7104.0,0,7,7,6,2
80200,0.0,0.0,29.0,34.0,197.0,921683.0,862058.0,84281.0,13516.0,86819.0,15077.0,6647.0,6750.0,0,7,7,6,2
81101,0.0,0.0,23.0,38.0,99.0,403676.0,113089.0,16448.0,14832.0,6370.0,8301.0,1273.0,2619.0,0,7,7,6,2
82002,0.0,0.0,40.0,47.0,-11.0,259694.0,127030.0,19793.0,11516.0,9926.0,21671.0,3828.0,2873.0,0,7,7,6,2
83199,0.0,0.0,48.0,41.0,10.0,116837.0,47315.0,4195.0,5488.0,9749.0,5951.0,1535.0,1056.0,0,7,7,6,2
84101,0.0,0.0,67.0,54.0,104.0,1343198.0,52780.0,24467.0,14548.0,12691.0,11413.0,7091.0,3949.0,0,7,7,6,2
85002,0.0,0.0,61.0,53.0,65.0,894673.0,542321.0,94204.0,29743.0,16730.0,20938.0,11317.0,4438.0,0,7,7,6,2
86198,0.0,0.0,50.0,50.0,38.0,1138607.0,224970.0,14627.0,20288.0,27704.0,10599.0,11412.0,5979.0,0,7,7,6,2
87104,0.0,0.0,47.0,60.0,-72.0,769450.0,153973.0,72320.0,33235.0,11845.0,21148.0,21740.0,5153.0,0,7,7,6,2
88000,0.0,0.0,44.0,53.0,84.0,906469.0,178400.0,41739.0,10416.0,11117.0,24193.0,5661.0,4879.0,0,7,7,6,2
89201,0.0,0.0,57.0,51.0,102.0,45658.0,123497.0,15795.0,13754.0,37419.0,18620.0,7136.0,4938.0,0,7,7,6,2
90104,0.0,0.0,69.0,64.0,-90.0,1801478.0,192749.0,94248.0,72762.0,18738.0,47847.0,19009.0,6679.0,0,7,7,6,2
91001,0.0,0.0,60.0,51.0,7.0,208810.0,361560.0,37128.0,9980.0,41680.0,13184.0,9972.0,6931.0,0,7,7,6,2
92199,0.0,0.0,56.0,48.0,59.0,1815873.0,502260.0,61798.0,30271.0,40782.0,40145.0,11156.0,6581.0,0,7,7,6,2
93100,0.0,0.0,41.0,51.0,57.0,567604.0,309215.0,49845.0,33675.0,21873.0,10997.0,7289.0,8784.0,0,7,7,6,2
93998,0.0,0.0,38.0,51.0,42.0,1402759.0,145817.0,63911.0,49788.0,22317.0,22810.0,9606.0,4324.0,0,7,7,6,2
95199,0.0,0.0,40.0,51.0,-10.0,1078652.0,301722.0,16541.0,26009.0,17305.0,12966.0,8863.0,5967.0,0,7,7,6,2
96103,0.0,0.0,47.0,66.0,65.0,1092734.0,108925.0,98185.0,73088.0,20735.0,35786.0,7733.0,5574.0,0,7,7,6,2
97001,0.0,0.0,54.0,74.0,-13.0,413640.0,24255.0,4157.0,12826.0,4950.0,2994.0,3161.0,1868.0,0,7,7,6,2
98201,0.0,0.0,48.0,70.0,-268.0,1877864.0,241667.0,42673.0,102207.0,19507.0,17028.0,13492.0,10267.0,0,7,7,6,2
99103,0.0,0.0,56.0,78.0,-19.0,1368246.0,249120.0,30394.0,47514.0,32339.0,27158.0,6130.0,9049.0,0,7,7,6,2
100001,0.0,0.0,56.0,66.0,97.0,81638.0,35596.0,7701.0,7519.0,14227.0,5962.0,1675.0,2379.0,0,7,7,6,2
101201,0.0,0.0,54.0,54.0,71.0,1488081.0,555044.0,38073.0,30084.0,33606.0,37508.0,9664.0,7838.0,0,7,7,6,2
102102,0.0,0.0,51.0,44.0,1.0,250512.0,58555.0,5595.0,4811.0,12767.0,2245.0,2612.0,1509.0,0,7,7,6,2
102997,0.0,0.0,44.0,38.0,-65.0,887322.0,217009.0,16380.0,17026.0,58530.0,13132.0,6666.0,4021.0,0,7,7,6,2
104198,0.0,0.0,44.0,40.0,388.0,157624.0,9637.0,3746.0,1110.0,2634.0,1561.0,1633.0,547.0,0,7,7,6,2
105104,0.0,0.0,35.0,54.0,-73.0,286080.0,31887.0,22266.0,3924.0,9486.0,1487.0,1716.0,694.0,0,7,7,6,2
105998,0.0,0.0,48.0,50.0,-28.0,1345020.0,146300.0,5686.0,12595.0,37266.0,20454.0,6323.0,5841.0,0,7,7,6,2
106904,0.0,0.0,60.0,51.0,11.0,284834.0,160209.0,8149.0,23323.0,22667.0,30486.0,8770.0,9037.0,0,7,7,6,2
108103,0.0,0.0,50.0,51.0,138.0,359397.0,152854.0,45532.0,17571.0,21860.0,8604.0,9589.0,12715.0,0,7,7,6,2
109000,0.0,0.0,41.0,35.0,50.0,566503.0,1112690.0,80717.0,19051.0,57238.0,12783.0,26126.0,6387.0,0,7,7,6,2
109901,0.0,0.0,47.0,53.0,-190.0,219046.0,43309.0,32256.0,23789.0,8548.0,19433.0,11581.0,11073.0,0,7,7,6,2
111103,0.0,0.0,37.0,56.0,59.0,1210255.0,86828.0,11973.0,9509.0,10166.0,6503.0,7310.0,3520.0,0,7,7,6,2
111998,0.0,0.0,38.0,50.0,147.0,71328.0,69344.0,10086.0,2817.0,5843.0,4390.0,4712.0,4310.0,0,7,7,6,2
112904,0.0,0.0,56.0,60.0,211.0,1806994.0,214861.0,40948.0,26360.0,26891.0,16231.0,5282.0,6511.0,0,7,7,6,2
114101,0.0,0.0,38.0,54.0,-121.0,426043.0,68785.0,21651.0,9389.0,3098.0,3557.0,2466.0,1940.0,0,7,7,6,2
115017,0.0,0.0,47.0,60.0,59.0,1138057.0,77522.0,27851.0,12217.0,10272.0,15654.0,10668.0,3372.0,0,7,7,6,2
115904,0.0,0.0,50.0,67.0,160.0,227626.0,251895.0,87510.0,67825.0,55490.0,25674.0,7190.0,8028.0,0,7,7,6,2
117099,0.0,0.0,56.0,67.0,56.0,763228.0,126441.0,18749.0,33208.0,20168.0,19304.0,8954.0,4730.0,0,7,7,6,2
117999,0.0,0.0,66.0,64.0,120.0,465455.0,182174.0,50894.0,10503.0,18774.0,21088.0,6612.0,12521.0,0,7,7,6,2
118900,0.0,0.0,60.0,61.0,145.0,543451.0,352180.0,29488.0,71388.0,37241.0,29722.0,10936.0,8328.0,0,7,7,6,2
120103,0.0,0.0,56.0,53.0,-56.0,1737994.0,177712.0,10614.0,25842.0,8976.0,10896.0,8069.0,6619.0,0,7,7,6,2
120999,0.0,0.0,48.0,48.0,-5.0,241136.0,40637.0,4118.0,3084.0,4108.0,2354.0,3669.0,1118.0,0,7,7,6,2
121900,0.0,0.0,48.0,50.0,74.0,1273098.0,120567.0,26507.0,29005.0,26182.0,13802.0,10185.0,5237.0,0,7,7,6,2
123100,0.0,0.0,43.0,44.0,2.0,140540.0,188347.0,14637.0,13766.0,9303.0,10725.0,20680.0,8893.0,0,7,7,6,2
