1295,0.0,0.0,67.0,74.0,-23.0,1518256.0,342489.0,269378.0,56889.0,27648.0,66081.0,23702.0,31652.0,0
2501,0.0,0.0,57.0,66.0,102.0,586362.0,128010.0,36015.0,19997.0,18938.0,13954.0,6026.0,5952.0,0
3402,0.0,0.0,57.0,60.0,24.0,306911.0,129818.0,27891.0,9202.0,7345.0,4371.0,5121.0,3753.0,0
4300,0.0,0.0,40.0,70.0,-123.0,148615.0,318572.0,125331.0,74853.0,18608.0,40764.0,4040.0,23308.0,0
5498,0.0,0.0,53.0,69.0,17.0,36996.0,14653.0,8077.0,12659.0,4238.0,17841.0,12788.0,8467.0,0
6400,0.0,0.0,50.0,67.0,71.0,211537.0,42430.0,5713.0,9030.0,6270.0,2883.0,4008.0,2368.0,0
7301,0.0,0.0,80.0,70.0,43.0,11001.0,9837.0,11408.0,8012.0,20969.0,17615.0,5732.0,6983.0,0
8502,0.0,0.0,90.0,61.0,243.0,32508.0,17849.0,1418.0,4146.0,4083.0,5384.0,2939.0,494.0,0
9398,0.0,0.0,74.0,57.0,122.0,99460.0,10253.0,1975.0,3623.0,1891.0,1338.0,390.0,508.0,0
10299,0.0,0.0,84.0,69.0,2.0,16891.0,10441.0,5752.0,14878.0,5082.0,5825.0,4074.0,4940.0,0
11500,0.0,0.0,57.0,64.0,38.0,98968.0,101080.0,25732.0,3971.0,4608.0,4316.0,1875.0,862.0,0
12401,0.0,0.0,38.0,66.0,153.0,744174.0,375093.0,16720.0,71638.0,23200.0,14263.0,8389.0,10034.0,0
13297,0.0,0.0,37.0,54.0,1.0,143485.0,7838.0,949.0,586.0,3413.0,744.0,316.0,439.0,0
14503,0.0,0.0,20.0,50.0,22.0,99952.0,102783.0,70323.0,18104.0,19374.0,5438.0,8389.0,9559.0,0
15399,0.0,0.0,34.0,63.0,53.0,185701.0,4559.0,8329.0,3101.0,4800.0,2538.0,5298.0,868.0,0
16300,0.0,0.0,38.0,66.0,54.0,122583.0,67165.0,18537.0,1192.0,2633.0,3840.0,946.0,1021.0,0
17501,0.0,0.0,43.0,81.0,17.0,21897.0,27801.0,7643.0,18148.0,5904.0,6488.0,2790.0,2438.0,0
18402,0.0,0.0,53.0,77.0,77.0,405231.0,50006.0,25500.0,1733.0,20191.0,7364.0,1855.0,4508.0,0
19298,0.0,0.0,60.0,69.0,41.0,4670.0,13343.0,9978.0,18469.0,24824.0,11698.0,1911.0,1930.0,0
20499,0.0,0.0,64.0,81.0,-25.0,1381939.0,222741.0,167143.0,68206.0,31061.0,38498.0,5719.0,8237.0,0
21400,0.0,0.0,61.0,80.0,-190.0,32764.0,49380.0,29761.0,16964.0,16813.0,7871.0,4246.0,3989.0,0
22301,0.0,0.0,56.0,63.0,24.0,1613103.0,225499.0,5075.0,11321.0,43498.0,12857.0,6808.0,5962.0,0
23202,0.0,0.0,48.0,53.0,24.0,229719.0,29360.0,3155.0,6630.0,14136.0,4586.0,1313.0,733.0,0
24400,0.0,0.0,57.0,43.0,72.0,13849.0,17388.0,3649.0,6498.0,8986.0,6345.0,2661.0,2705.0,0
25302,0.0,0.0,66.0,40.0,13.0,1008904.0,30798.0,12307.0,10853.0,8354.0,12569.0,4169.0,3799.0,0
26200,0.0,0.0,67.0,54.0,41.0,145479.0,32061.0,8361.0,1359.0,4582.0,2732.0,1469.0,1083.0,0
27401,0.0,0.0,61.0,57.0,-280.0,96444.0,79482.0,14239.0,14312.0,4868.0,5835.0,841.0,1046.0,0
28302,0.0,0.0,51.0,61.0,34.0,2094394.0,93538.0,20509.0,30403.0,12120.0,11793.0,4006.0,5867.0,0
29198,0.0,0.0,48.0,61.0,37.0,6475.0,40796.0,4516.0,25339.0,11509.0,11185.0,5800.0,3909.0,0
30399,0.0,0.0,47.0,69.0,11.0,145785.0,34361.0,16956.0,7240.0,6555.0,3233.0,1931.0,1317.0,0
31300,0.0,0.0,56.0,78.0,-182.0,30116.0,55144.0,42038.0,24691.0,24414.0,19219.0,5778.0,5509.0,0
32201,0.0,0.0,53.0,70.0,-13.0,1467485.0,188885.0,28498.0,27874.0,54846.0,13722.0,6205.0,4218.0,0
33402,0.0,0.0,60.0,67.0,152.0,6576.0,10687.0,5179.0,8114.0,17457.0,7063.0,6363.0,2906.0,0
34300,0.0,0.0,51.0,63.0,444.0,184555.0,93074.0,13366.0,18585.0,5023.0,2663.0,1190.0,887.0,0
35201,0.0,0.0,38.0,51.0,42.0,140651.0,19397.0,3233.0,2228.0,2538.0,1038.0,1056.0,365.0,0
36402,0.0,0.0,43.0,51.0,-153.0,390410.0,90858.0,12026.0,13735.0,28546.0,10262.0,7453.0,2041.0,0
37303,0.0,0.0,35.0,57.0,26.0,202942.0,77492.0,61360.0,35112.0,32269.0,20747.0,5793.0,4469.0,0
38199,0.0,0.0,63.0,51.0,42.0,6066.0,23391.0,1094.0,12132.0,32743.0,14374.0,5641.0,4880.0,0
39400,0.0,0.0,63.0,54.0,18.0,266948.0,54137.0,15570.0,7750.0,9029.0,3780.0,1150.0,803.0,0
40301,0.0,0.0,61.0,54.0,16.0,258078.0,126846.0,4765.0,24421.0,9723.0,11357.0,5241.0,5239.0,0
41202,0.0,0.0,74.0,53.0,89.0,14382.0,9677.0,5477.0,8521.0,6927.0,8596.0,4949.0,4883.0,0
42400,0.0,0.0,48.0,60.0,61.0,78363.0,53208.0,20273.0,4722.0,14684.0,2239.0,1049.0,667.0,0
43301,0.0,0.0,64.0,63.0,-26.0,5894.0,16522.0,2289.0,12333.0,4305.0,11045.0,4765.0,7557.0,0
44199,0.0,0.0,83.0,70.0,81.0,4974.0,8823.0,7032.0,7266.0,10340.0,13111.0,3277.0,9750.0,0
45400,0.0,0.0,67.0,51.0,55.0,104213.0,179404.0,7694.0,9339.0,20621.0,14021.0,11277.0,3276.0,0
46301,0.0,0.0,93.0,61.0,25.0,24536.0,4660.0,9469.0,6557.0,4929.0,7797.0,1980.0,12304.0,0
47202,0.0,0.0,75.0,41.0,23.0,772212.0,231370.0,2242.0,15413.0,25087.0,11457.0,5807.0,5337.0,0
48102,0.0,0.0,53.0,40.0,-25.0,429155.0,219558.0,58659.0,41739.0,26302.0,17162.0,7453.0,4434.0,0
49301,0.0,0.0,57.0,60.0,0.0,33319.0,37058.0,26039.0,12339.0,17828.0,9911.0,6596.0,7839.0,0
50202,0.0,0.0,40.0,54.0,-196.0,101274.0,223736.0,152282.0,12011.0,38727.0,21146.0,9562.0,6019.0,0
51097,0.0,0.0,35.0,57.0,18.0,1309015.0,354048.0,25785.0,5255.0,21710.0,7984.0,3525.0,11259.0,0
52302,0.0,0.0,50.0,56.0,12.0,3575.0,8224.0,5246.0,5715.0,18555.0,6625.0,2217.0,4570.0,0
53202,0.0,0.0,61.0,51.0,84.0,3395.0,13678.0,11672.0,6038.0,28203.0,13466.0,4605.0,3262.0,0
54102,0.0,0.0,66.0,38.0,49.0,198089.0,37306.0,1083.0,6532.0,4572.0,3993.0,1861.0,707.0,0
55298,0.0,0.0,91.0,57.0,29.0,5170.0,9378.0,8909.0,12639.0,9579.0,12626.0,2383.0,2860.0,0
56201,0.0,0.0,87.0,53.0,4.0,96398.0,17963.0,1394.0,3671.0,3971.0,3983.0,577.0,781.0,0
57101,0.0,0.0,77.0,51.0,101.0,489521.0,297687.0,52389.0,43326.0,13068.0,53485.0,3044.0,5237.0,0
58303,0.0,0.0,74.0,66.0,-180.0,71109.0,67427.0,40616.0,27792.0,12819.0,10220.0,3950.0,10377.0,0
59199,0.0,0.0,50.0,57.0,43.0,570264.0,122314.0,18297.0,24679.0,27245.0,5538.0,5626.0,4174.0,0
60099,0.0,0.0,41.0,57.0,-105.0,210143.0,166656.0,18410.0,23575.0,34412.0,14644.0,3337.0,5239.0,0
61296,0.0,0.0,37.0,60.0,-69.0,113432.0,175008.0,44526.0,20096.0,24215.0,15667.0,3653.0,6761.0,0
62202,0.0,0.0,30.0,44.0,-1.0,1499858.0,51432.0,4618.0,6826.0,7760.0,2734.0,1958.0,1321.0,0
63097,0.0,0.0,41.0,48.0,109.0,471459.0,171867.0,60850.0,20013.0,24587.0,26065.0,9783.0,6869.0,0
64301,0.0,0.0,48.0,63.0,237.0,3336.0,32247.0,10456.0,27769.0,5671.0,10621.0,4747.0,4695.0,0
65202,0.0,0.0,38.0,53.0,-28.0,222363.0,22523.0,1524.0,1063.0,1079.0,677.0,617.0,411.0,0
66099,0.0,0.0,43.0,74.0,54.0,297151.0,52728.0,109319.0,13752.0,27255.0,11660.0,5908.0,2147.0,0
67299,0.0,0.0,37.0,61.0,-154.0,729714.0,395215.0,23982.0,28011.0,62469.0,16611.0,8371.0,6134.0,0
68203,0.0,0.0,44.0,56.0,73.0,155890.0,11919.0,11097.0,12098.0,16412.0,15070.0,8563.0,2215.0,0
69098,0.0,0.0,47.0,66.0,405.0,200123.0,29092.0,7303.0,4262.0,10295.0,1127.0,1460.0,1386.0,0
70300,0.0,0.0,38.0,63.0,-22.0,1030453.0,58184.0,32617.0,38608.0,12605.0,4025.0,2136.0,3156.0,0
71201,0.0,0.0,44.0,83.0,102.0,1374465.0,52958.0,75114.0,29230.0,60051.0,11777.0,5530.0,6920.0,0
72101,0.0,0.0,38.0,83.0,185.0,18920.0,33817.0,24322.0,18313.0,21650.0,17334.0,5016.0,8558.0,0
72997,0.0,0.0,50.0,91.0,71.0,1617321.0,47037.0,18285.0,31112.0,16535.0,9103.0,3671.0,3519.0,0
74199,0.0,0.0,66.0,91.0,43.0,156663.0,4909.0,4259.0,5261.0,4233.0,3066.0,1522.0,955.0,0
75099,0.0,0.0,63.0,87.0,102.0,125230.0,95810.0,29291.0,20815.0,10678.0,7539.0,4109.0,3358.0,0
76000,0.0,0.0,66.0,88.0,34.0,3248.0,17841.0,18017.0,15900.0,12676.0,15202.0,4353.0,5312.0,0
77198,0.0,0.0,66.0,80.0,38.0,162452.0,44008.0,10264.0,5724.0,7839.0,6441.0,592.0,1350.0,0
78098,0.0,0.0,78.0,67.0,-141.0,19383.0,13506.0,6378.0,4848.0,8807.0,15390.0,2766.0,3503.0,0
78999,0.0,0.0,80.0,66.0,16.0,786812.0,109321.0,2456.0,52745.0,19561.0,11882.0,6143.0,4896.0,0
80200,0.0,0.0,63.0,56.0,107.0,170130.0,25589.0,7852.0,2530.0,5959.0,1726.0,643.0,1279.0,0
81097,0.0,0.0,47.0,48.0,-278.0,207063.0,174768.0,6728.0,14821.0,3294.0,3246.0,969.0,1020.0,0
82002,0.0,0.0,27.0,51.0,64.0,1145101.0,146245.0,23246.0,47520.0,11548.0,16927.0,2266.0,1359.0,0
83200,0.0,0.0,27.0,51.0,18.0,112230.0,64074.0,8485.0,20328.0,17630.0,6370.0,4338.0,2801.0,0
84100,0.0,0.0,29.0,60.0,57.0,118621.0,72018.0,48652.0,18863.0,22858.0,9114.0,5835.0,3544.0,0
84998,0.0,0.0,41.0,84.0,192.0,183549.0,23158.0,7141.0,26139.0,1815.0,2847.0,700.0,1339.0,0
86200,0.0,0.0,44.0,74.0,55.0,151265.0,61828.0,8435.0,6223.0,27537.0,9648.0,4083.0,1975.0,0
87097,0.0,0.0,38.0,74.0,52.0,350254.0,162015.0,57185.0,33185.0,109372.0,9558.0,6855.0,2809.0,0
87998,0.0,0.0,44.0,67.0,67.0,15788.0,20524.0,3973.0,18081.0,24555.0,5411.0,8011.0,3659.0,0
89198,0.0,0.0,48.0,60.0,41.0,383530.0,75086.0,15187.0,38894.0,12355.0,9368.0,6093.0,2473.0,0
90098,0.0,0.0,40.0,64.0,86.0,396165.0,70248.0,13522.0,5590.0,6516.0,4037.0,1237.0,951.0,0
90996,0.0,0.0,60.0,67.0,147.0,13522.0,18615.0,15946.0,18058.0,46023.0,15549.0,3192.0,6267.0,0
92199,0.0,0.0,56.0,61.0,1.0,233412.0,14929.0,2643.0,1643.0,2636.0,1585.0,1777.0,1106.0,0
93099,0.0,0.0,57.0,54.0,121.0,186293.0,62070.0,14083.0,7767.0,8531.0,9206.0,8335.0,2276.0,0
94000,0.0,0.0,63.0,63.0,98.0,289187.0,143081.0,58089.0,42942.0,10927.0,19521.0,42323.0,4668.0,0
94898,0.0,0.0,53.0,64.0,-114.0,384974.0,54058.0,25348.0,24095.0,17614.0,10249.0,5070.0,13463.0,0
96099,0.0,0.0,57.0,67.0,0.0,1002152.0,85199.0,17410.0,16454.0,14633.0,17088.0,9721.0,5122.0,0
97000,0.0,0.0,60.0,75.0,131.0,1369428.0,226275.0,27017.0,121718.0,17107.0,41246.0,11156.0,31195.0,0
97901,0.0,0.0,56.0,74.0,-2.0,1634775.0,118718.0,21991.0,57315.0,20479.0,11759.0,21212.0,10638.0,0
99097,0.0,0.0,48.0,61.0,-35.0,121604.0,232989.0,20739.0,32563.0,40821.0,12808.0,3969.0,3738.0,0
99998,0.0,0.0,38.0,48.0,9.0,214019.0,148796.0,5248.0,9771.0,24562.0,7630.0,5424.0,3375.0,0
100899,0.0,0.0,47.0,50.0,153.0,201510.0,7992.0,371.0,11777.0,2421.0,6102.0,1179.0,1943.0,0
102095,0.0,0.0,54.0,60.0,49.0,134628.0,8172.0,26906.0,5161.0,11216.0,5266.0,2703.0,772.0,0
103002,0.0,0.0,50.0,63.0,17.0,636959.0,154509.0,33959.0,9238.0,4543.0,6105.0,4324.0,1359.0,0
103898,0.0,0.0,60.0,83.0,5.0,13616.0,34338.0,13276.0,19228.0,11278.0,8800.0,3386.0,1866.0,0
105102,0.0,0.0,54.0,80.0,71.0,539726.0,98278.0,25745.0,42148.0,26156.0,29173.0,27290.0,3405.0,0
105999,0.0,0.0,38.0,53.0,28.0,1614292.0,617620.0,46736.0,7845.0,14981.0,16251.0,37307.0,16128.0,0
106901,0.0,0.0,61.0,61.0,80.0,6173.0,19099.0,28169.0,25466.0,49413.0,24976.0,11363.0,5709.0,0
108098,0.0,0.0,47.0,53.0,12.0,709143.0,62862.0,8347.0,9400.0,3195.0,1751.0,1485.0,1062.0,0
109000,0.0,0.0,44.0,47.0,130.0,271025.0,57894.0,7734.0,19430.0,37899.0,12875.0,3987.0,6932.0,0
109898,0.0,0.0,57.0,69.0,57.0,27779.0,48641.0,18467.0,45513.0,14669.0,13067.0,3819.0,6511.0,0
111101,0.0,0.0,41.0,60.0,-222.0,125186.0,172910.0,37087.0,7276.0,8631.0,12570.0,3593.0,1794.0,0
112002,0.0,0.0,51.0,67.0,44.0,740811.0,91707.0,22144.0,53954.0,45031.0,9639.0,6063.0,4098.0,0
112900,0.0,0.0,43.0,60.0,64.0,175087.0,40327.0,4886.0,3011.0,19822.0,2930.0,1239.0,796.0,0
114101,0.0,0.0,43.0,48.0,11.0,6959.0,47628.0,7815.0,13495.0,27018.0,9047.0,5075.0,5392.0,0
115000,0.0,0.0,40.0,51.0,105.0,95188.0,39089.0,8328.0,6189.0,5741.0,2045.0,808.0,701.0,0
115903,0.0,0.0,37.0,57.0,-289.0,337142.0,168046.0,167106.0,47947.0,54418.0,15857.0,5584.0,1723.0,0
117100,0.0,0.0,41.0,77.0,42.0,1389303.0,113531.0,7829.0,118169.0,26661.0,25279.0,12860.0,8809.0,0
118003,0.0,0.0,26.0,69.0,41.0,178446.0,67138.0,8323.0,1199.0,4107.0,1690.0,1943.0,1457.0,0
118897,0.0,0.0,29.0,54.0,-38.0,109040.0,27732.0,1479.0,1472.0,5630.0,1737.0,2329.0,1944.0,0
120098,0.0,0.0,47.0,44.0,97.0,404300.0,97056.0,16983.0,31825.0,21354.0,36128.0,16314.0,26063.0,0
120999,0.0,0.0,35.0,35.0,-165.0,116250.0,62396.0,10202.0,13182.0,4768.0,2506.0,1015.0,737.0,0
121895,0.0,0.0,56.0,53.0,65.0,100551.0,7516.0,4219.0,8565.0,3759.0,4930.0,729.0,2083.0,0
122800,0.0,0.0,64.0,61.0,518.0,305614.0,29697.0,2367.0,5781.0,10763.0,6097.0,1089.0,1035.0,0
123997,0.0,0.0,47.0,60.0,22.0,249937.0,29379.0,7911.0,1763.0,2266.0,1276.0,684.0,377.0,0
124900,0.0,0.0,57.0,64.0,42.0,287597.0,39715.0,32710.0,6806.0,22446.0,9096.0,8187.0,4284.0,0
125803,0.0,0.0,37.0,66.0,44.0,230301.0,30275.0,28153.0,11671.0,10717.0,1757.0,231.0,355.0,0
127001,0.0,0.0,37.0,74.0,-130.0,168428.0,8886.0,3875.0,2419.0,6801.0,1955.0,903.0,1564.0,0
127899,0.0,0.0,40.0,81.0,70.0,709085.0,101682.0,41424.0,25708.0,8024.0,7463.0,5659.0,2115.0,0
128801,0.0,0.0,26.0,54.0,-68.0,122749.0,217854.0,4226.0,6237.0,44969.0,6654.0,1363.0,2404.0,0
130000,0.0,0.0,41.0,44.0,65.0,31183.0,16790.0,4677.0,8457.0,18304.0,3678.0,3089.0,3965.0,0
130896,0.0,0.0,30.0,41.0,422.0,215271.0,248068.0,50106.0,32379.0,42342.0,15526.0,1816.0,2800.0,0
