701,0.0,0.0,60.0,61.0,28.0,1483601.0,166294.0,143418.0,111651.0,65677.0,26385.0,25895.0,22026.0,1
1598,0.0,0.0,53.0,64.0,227.0,1564541.0,56860.0,35668.0,103544.0,66729.0,73857.0,63339.0,28094.0,1
2498,0.0,0.0,38.0,47.0,3.0,215712.0,64474.0,5558.0,1795.0,2792.0,3345.0,1820.0,1804.0,1
3699,0.0,0.0,30.0,64.0,57.0,1836449.0,135761.0,154142.0,67203.0,55652.0,29293.0,46551.0,24370.0,1
4598,0.0,0.0,40.0,56.0,202.0,532762.0,48661.0,20573.0,11257.0,9773.0,12974.0,16250.0,14457.0,1
6700,0.0,0.0,34.0,53.0,-25.0,621940.0,172629.0,17983.0,7920.0,6008.0,13577.0,12140.0,6173.0,1
7603,0.0,0.0,29.0,47.0,553.0,416926.0,147476.0,91059.0,34146.0,70654.0,18363.0,13079.0,11933.0,1
8503,0.0,0.0,21.0,47.0,40.0,730796.0,47017.0,23341.0,6301.0,7003.0,4432.0,1139.0,1305.0,1
9698,0.0,0.0,20.0,41.0,-471.0,468133.0,310258.0,45471.0,34937.0,25605.0,39554.0,12821.0,11416.0,1
10601,0.0,0.0,24.0,47.0,37.0,869313.0,48063.0,8603.0,6727.0,7617.0,7312.0,5334.0,4514.0,1
11502,0.0,0.0,30.0,44.0,27.0,38704.0,46779.0,13714.0,18214.0,15882.0,11496.0,8331.0,6185.0,1
12703,0.0,0.0,44.0,34.0,85.0,92704.0,10583.0,226.0,3595.0,6772.0,5147.0,2370.0,2090.0,1
13599,0.0,0.0,40.0,35.0,-5.0,380472.0,265589.0,41947.0,30120.0,14629.0,19189.0,18288.0,10504.0,1
14502,0.0,0.0,43.0,50.0,26.0,28620.0,16580.0,9785.0,20974.0,6754.0,8183.0,5242.0,5099.0,1
15703,0.0,0.0,50.0,54.0,12.0,113124.0,4807.0,6407.0,3589.0,3911.0,4484.0,2656.0,2688.0,1
16599,0.0,0.0,48.0,56.0,21.0,730281.0,37072.0,4706.0,17190.0,53121.0,15810.0,14512.0,7089.0,1
17500,0.0,0.0,69.0,66.0,134.0,20653.0,6493.0,11179.0,9735.0,4621.0,29589.0,4975.0,13131.0,1
18701,0.0,0.0,60.0,61.0,192.0,1286262.0,161891.0,83149.0,40458.0,34939.0,14992.0,11224.0,13775.0,1
19602,0.0,0.0,54.0,51.0,43.0,124265.0,25574.0,2552.0,7158.0,3838.0,5485.0,2875.0,2521.0,1
20503,0.0,0.0,50.0,61.0,35.0,267095.0,35318.0,31175.0,13592.0,20293.0,11915.0,8534.0,5997.0,1
21399,0.0,0.0,29.0,50.0,50.0,363882.0,184185.0,24059.0,12936.0,42628.0,16031.0,12834.0,8947.0,1
22597,0.0,0.0,34.0,40.0,529.0,597979.0,411241.0,11556.0,126772.0,65378.0,56292.0,12041.0,24060.0,1
23500,0.0,0.0,34.0,40.0,20.0,360450.0,76924.0,10310.0,3551.0,1123.0,3528.0,119.0,138.0,1
24401,0.0,0.0,20.0,40.0,-251.0,688429.0,137947.0,32252.0,13884.0,12809.0,4378.0,2542.0,2889.0,1
25600,0.0,0.0,14.0,50.0,124.0,715594.0,41527.0,46738.0,67155.0,17817.0,11693.0,16462.0,12014.0,1
26500,0.0,0.0,10.0,54.0,22.0,698546.0,87504.0,11858.0,12742.0,5547.0,4295.0,876.0,1047.0,1
27401,0.0,0.0,14.0,60.0,39.0,37110.0,30275.0,8308.0,10999.0,8661.0,8602.0,3657.0,1792.0,1
28597,0.0,0.0,37.0,70.0,-8.0,10488.0,4853.0,1720.0,14192.0,3214.0,8588.0,3766.0,1800.0,1
29500,0.0,0.0,47.0,53.0,-65.0,12770.0,44184.0,4676.0,10622.0,5651.0,13646.0,2110.0,3109.0,1
30402,0.0,0.0,44.0,54.0,118.0,39527.0,124339.0,9635.0,45545.0,23476.0,5914.0,3132.0,1640.0,1
31598,0.0,0.0,40.0,56.0,44.0,588916.0,80539.0,43716.0,6499.0,15932.0,13406.0,5577.0,3004.0,1
32499,0.0,0.0,26.0,50.0,-22.0,149015.0,40426.0,6279.0,18645.0,6300.0,4436.0,4004.0,4410.0,1
33400,0.0,0.0,16.0,51.0,449.0,867903.0,96307.0,19526.0,7725.0,8130.0,8800.0,2350.0,2210.0,1
34601,0.0,0.0,16.0,61.0,-115.0,176582.0,15899.0,15122.0,2821.0,1050.0,1252.0,514.0,637.0,1
35499,0.0,0.0,8.0,63.0,27.0,54388.0,5030.0,2385.0,615.0,389.0,304.0,357.0,185.0,1
36400,0.0,0.0,4.0,47.0,82.0,741314.0,539276.0,38713.0,23843.0,28159.0,24732.0,6118.0,7281.0,1
37603,0.0,0.0,1.0,43.0,-210.0,1932124.0,128893.0,12683.0,12165.0,6309.0,4610.0,8606.0,2380.0,1
38499,0.0,0.0,11.0,37.0,704.0,440033.0,34331.0,24907.0,13142.0,25148.0,13478.0,3222.0,4103.0,1
39400,0.0,0.0,14.0,30.0,-332.0,203478.0,27829.0,3586.0,5226.0,1991.0,1825.0,618.0,291.0,1
40601,0.0,0.0,26.0,54.0,120.0,415188.0,3163.0,4651.0,3339.0,1720.0,1881.0,1493.0,483.0,1
41499,0.0,0.0,43.0,56.0,61.0,271373.0,59594.0,9228.0,6950.0,5441.0,18461.0,2598.0,3372.0,1
42400,0.0,0.0,41.0,50.0,20.0,1173145.0,77263.0,6637.0,22861.0,10977.0,17595.0,12395.0,8025.0,1
43601,0.0,0.0,51.0,50.0,198.0,56334.0,86655.0,14792.0,16903.0,11995.0,21508.0,15125.0,16982.0,1
44501,0.0,0.0,47.0,29.0,365.0,1129992.0,116913.0,24230.0,7244.0,67760.0,15779.0,14239.0,2945.0,1
45403,0.0,0.0,43.0,40.0,-4.0,504582.0,8733.0,3656.0,3618.0,2525.0,2503.0,676.0,565.0,1
46303,0.0,0.0,40.0,51.0,17.0,1226078.0,54886.0,49610.0,38338.0,19099.0,18306.0,20848.0,6921.0,1
47499,0.0,0.0,38.0,53.0,-4.0,363521.0,78954.0,22383.0,8460.0,9729.0,13667.0,2852.0,5900.0,1
48400,0.0,0.0,38.0,66.0,-8.0,527624.0,167460.0,127678.0,43405.0,45125.0,37119.0,20008.0,13021.0,1
49601,0.0,0.0,30.0,61.0,65.0,79035.0,144249.0,38045.0,12768.0,13661.0,11384.0,6637.0,10917.0,1
50502,0.0,0.0,30.0,40.0,25.0,48286.0,109553.0,5550.0,10183.0,36946.0,15496.0,9431.0,10945.0,1
51400,0.0,0.0,21.0,24.0,83.0,686067.0,231629.0,8804.0,12381.0,24447.0,9897.0,16954.0,8223.0,1
52301,0.0,0.0,34.0,20.0,4.0,28104.0,29224.0,13953.0,10973.0,3487.0,28111.0,14672.0,3141.0,1
53497,0.0,0.0,48.0,24.0,25.0,7453.0,18947.0,9412.0,7409.0,4972.0,14203.0,7722.0,8162.0,1
54398,0.0,0.0,44.0,24.0,41.0,217772.0,124061.0,10128.0,6204.0,18539.0,13320.0,6992.0,5418.0,1
55299,0.0,0.0,54.0,37.0,28.0,236983.0,125583.0,15871.0,17101.0,6162.0,18685.0,9931.0,7214.0,1
56500,0.0,0.0,41.0,23.0,48.0,227508.0,266444.0,6136.0,28319.0,5321.0,29463.0,12568.0,6124.0,1
57401,0.0,0.0,17.0,7.0,67.0,442093.0,471830.0,21123.0,28326.0,19767.0,8774.0,6510.0,7101.0,1
58302,0.0,0.0,23.0,27.0,-9.0,8281.0,20155.0,21400.0,9459.0,6774.0,9555.0,7808.0,8314.0,1
59503,0.0,0.0,21.0,37.0,507.0,34213.0,59802.0,15143.0,27352.0,18504.0,9068.0,7252.0,6235.0,1
60401,0.0,0.0,16.0,48.0,-14.0,631463.0,43506.0,8699.0,9201.0,3003.0,3088.0,1013.0,831.0,1
61299,0.0,0.0,21.0,63.0,35.0,500728.0,103996.0,20948.0,28360.0,10702.0,5430.0,4346.0,7250.0,1
62500,0.0,0.0,29.0,44.0,57.0,13337.0,3199.0,755.0,3965.0,23952.0,4422.0,3034.0,3963.0,1
63398,0.0,0.0,44.0,41.0,41.0,26673.0,4777.0,1680.0,4098.0,4143.0,6768.0,2716.0,1864.0,1
64299,0.0,0.0,48.0,34.0,-297.0,67202.0,52984.0,7766.0,1660.0,5610.0,4802.0,1509.0,1598.0,1
65502,0.0,0.0,57.0,41.0,32.0,1004860.0,15111.0,10835.0,12984.0,5612.0,5499.0,1038.0,1455.0,1
66398,0.0,0.0,60.0,50.0,-3.0,2232.0,7282.0,3290.0,4780.0,5447.0,9381.0,2857.0,1324.0,1
67299,0.0,0.0,47.0,50.0,41.0,11161.0,15783.0,5787.0,1266.0,2572.0,2712.0,2709.0,2809.0,1
68499,0.0,0.0,60.0,64.0,11.0,16738.0,6065.0,3341.0,5901.0,2047.0,5815.0,5350.0,4175.0,1
69399,0.0,0.0,47.0,41.0,34.0,410763.0,660922.0,45109.0,20393.0,37251.0,19288.0,12850.0,3428.0,1
70300,0.0,0.0,37.0,29.0,20.0,530859.0,58942.0,2582.0,6800.0,14526.0,14168.0,7969.0,5443.0,1
71203,0.0,0.0,30.0,24.0,55.0,77185.0,10643.0,1782.0,1065.0,3635.0,882.0,1962.0,915.0,1
72399,0.0,0.0,38.0,8.0,19.0,5393.0,9783.0,1913.0,1593.0,7096.0,10353.0,6438.0,3730.0,1
73300,0.0,0.0,50.0,30.0,59.0,3876.0,10213.0,11801.0,5759.0,2416.0,2837.0,3447.0,3125.0,1
74201,0.0,0.0,34.0,38.0,-20.0,140282.0,86207.0,11955.0,6466.0,4469.0,2642.0,1508.0,701.0,1
75403,0.0,0.0,26.0,24.0,-12.0,932778.0,301960.0,6219.0,9161.0,13322.0,7358.0,6312.0,9567.0,1
76299,0.0,0.0,1.0,34.0,27.0,84217.0,323915.0,75489.0,40588.0,35395.0,7434.0,8036.0,7809.0,1
77203,0.0,0.0,1.0,26.0,80.0,20095.0,27397.0,16406.0,6685.0,12336.0,8201.0,4559.0,6288.0,1
78398,0.0,0.0,20.0,38.0,32.0,9819.0,10691.0,6310.0,8742.0,5108.0,7885.0,4300.0,4627.0,1
79301,0.0,0.0,34.0,56.0,54.0,1237.0,19280.0,5491.0,6328.0,8489.0,4394.0,3617.0,9045.0,1
80201,0.0,0.0,53.0,61.0,19.0,345088.0,30931.0,13393.0,9526.0,7730.0,13206.0,10657.0,7393.0,1
81400,0.0,0.0,47.0,60.0,96.0,446862.0,140076.0,60228.0,20002.0,15619.0,14538.0,7728.0,17654.0,1
82301,0.0,0.0,47.0,48.0,176.0,78705.0,25273.0,2698.0,5037.0,6408.0,11268.0,14085.0,6021.0,1
83198,0.0,0.0,61.0,44.0,57.0,8113.0,5085.0,2257.0,1956.0,2240.0,9244.0,6809.0,7681.0,1
84395,0.0,0.0,66.0,43.0,33.0,5012.0,12389.0,6338.0,4057.0,3939.0,9491.0,5933.0,5494.0,1
85303,0.0,0.0,63.0,41.0,35.0,250751.0,35430.0,13971.0,1450.0,5209.0,2477.0,1714.0,1427.0,1
86202,0.0,0.0,53.0,64.0,86.0,4668.0,12590.0,2259.0,36415.0,5160.0,4639.0,4348.0,2497.0,1
87400,0.0,0.0,44.0,78.0,71.0,1223.0,2013.0,2175.0,4260.0,1393.0,3096.0,5310.0,1501.0,1
88300,0.0,0.0,40.0,78.0,58.0,221646.0,13548.0,5585.0,2664.0,3498.0,3914.0,2277.0,3383.0,1
89201,0.0,0.0,54.0,84.0,2.0,13182.0,4238.0,2918.0,5463.0,3613.0,4521.0,4228.0,3572.0,1
90403,0.0,0.0,63.0,64.0,-311.0,80480.0,42431.0,10605.0,7135.0,7816.0,17194.0,5772.0,3336.0,1
91299,0.0,0.0,48.0,48.0,6.0,953649.0,318404.0,25428.0,45968.0,33430.0,15755.0,3082.0,4704.0,1
92200,0.0,0.0,44.0,51.0,44.0,3714.0,28560.0,9589.0,13535.0,3861.0,6174.0,5059.0,4815.0,1
93100,0.0,0.0,23.0,30.0,75.0,143103.0,365029.0,18778.0,18591.0,6670.0,9518.0,6716.0,8307.0,1
94300,0.0,0.0,26.0,41.0,154.0,34204.0,5250.0,7099.0,7887.0,10528.0,8726.0,9657.0,3265.0,1
95195,0.0,0.0,40.0,48.0,25.0,503279.0,9862.0,4010.0,2933.0,4902.0,4030.0,3917.0,1859.0,1
96102,0.0,0.0,37.0,48.0,44.0,142357.0,13286.0,7067.0,5776.0,5368.0,2239.0,1587.0,1359.0,1
97301,0.0,0.0,40.0,56.0,-18.0,465655.0,400143.0,87044.0,28905.0,14280.0,17596.0,8136.0,5038.0,1
98203,0.0,0.0,40.0,47.0,120.0,313797.0,19586.0,2554.0,5267.0,5109.0,12757.0,4932.0,3910.0,1
99099,0.0,0.0,37.0,48.0,17.0,147701.0,9186.0,2085.0,4619.0,3275.0,2173.0,2970.0,2203.0,1
100303,0.0,0.0,37.0,47.0,117.0,273736.0,31877.0,17306.0,1436.0,1477.0,4604.0,2121.0,1934.0,1
101198,0.0,0.0,41.0,57.0,34.0,24071.0,13022.0,3454.0,14320.0,6542.0,2520.0,2854.0,6433.0,1
102101,0.0,0.0,43.0,61.0,61.0,7514.0,3407.0,2162.0,4208.0,12276.0,4670.0,4910.0,2468.0,1
103303,0.0,0.0,29.0,57.0,36.0,206401.0,70848.0,22634.0,3736.0,3893.0,2357.0,1495.0,1977.0,1
104201,0.0,0.0,41.0,54.0,19.0,18867.0,23109.0,4322.0,15213.0,13020.0,18732.0,6040.0,16571.0,1
105102,0.0,0.0,50.0,48.0,49.0,178903.0,6407.0,3569.0,1469.0,2930.0,2299.0,926.0,2890.0,1
106300,0.0,0.0,53.0,51.0,12.0,40600.0,9420.0,6382.0,8798.0,2124.0,21729.0,13897.0,4247.0,1
107200,0.0,0.0,57.0,47.0,39.0,189988.0,210144.0,33830.0,19920.0,29559.0,12355.0,3583.0,7916.0,1
108103,0.0,0.0,48.0,56.0,125.0,733505.0,73023.0,29785.0,74689.0,13167.0,20856.0,9723.0,7136.0,1
109300,0.0,0.0,50.0,56.0,49.0,14301.0,34159.0,10223.0,11356.0,5256.0,13682.0,11227.0,6067.0,1
110201,0.0,0.0,47.0,60.0,68.0,21686.0,2985.0,5076.0,6982.0,8036.0,7697.0,3852.0,6243.0,1
111102,0.0,0.0,51.0,70.0,288.0,44303.0,94194.0,49129.0,52374.0,27243.0,16543.0,4734.0,4905.0,1
112300,0.0,0.0,47.0,57.0,75.0,173425.0,75025.0,17111.0,3549.0,2879.0,5700.0,1968.0,2092.0,1
113200,0.0,0.0,35.0,51.0,38.0,853941.0,63690.0,5587.0,12497.0,14952.0,4419.0,2732.0,2925.0,1
114101,0.0,0.0,34.0,53.0,0.0,11573.0,4713.0,8651.0,5400.0,9735.0,7682.0,7003.0,9558.0,1
115302,0.0,0.0,40.0,48.0,248.0,138506.0,57976.0,18536.0,17527.0,7143.0,16783.0,12013.0,12301.0,1
116202,0.0,0.0,43.0,48.0,71.0,197188.0,44925.0,7072.0,5650.0,1944.0,5729.0,2471.0,4838.0,1
117101,0.0,0.0,60.0,47.0,33.0,50146.0,26826.0,1983.0,6708.0,7415.0,18047.0,23322.0,17320.0,1
118002,0.0,0.0,53.0,26.0,-81.0,382740.0,101033.0,8566.0,4717.0,18407.0,22221.0,11062.0,15641.0,1
119198,0.0,0.0,47.0,17.0,19.0,492709.0,172287.0,26132.0,24634.0,25232.0,20189.0,11912.0,13015.0,1
120101,0.0,0.0,41.0,3.0,109.0,500672.0,359811.0,16697.0,4672.0,31588.0,17933.0,12954.0,20239.0,1
121300,0.0,0.0,47.0,1.0,22.0,10681.0,31329.0,2169.0,9302.0,3303.0,41209.0,20570.0,19849.0,1
122202,0.0,0.0,50.0,4.0,-10.0,742624.0,56944.0,2547.0,8981.0,9688.0,21389.0,13016.0,9039.0,1
123100,0.0,0.0,44.0,1.0,80.0,191490.0,190500.0,23056.0,8917.0,5094.0,9344.0,13711.0,10369.0,1
123998,0.0,0.0,70.0,17.0,67.0,5719.0,6715.0,3085.0,7326.0,10623.0,25122.0,10764.0,6845.0,1
