898,0.0,0.0,7.0,54.0,358.0,1307676.0,64069.0,95902.0,12350.0,5634.0,12578.0,9057.0,4476.0,0,5,2,3,2
1799,0.0,0.0,29.0,51.0,-57.0,1927384.0,34629.0,28219.0,13460.0,19248.0,39548.0,17960.0,1958.0,0,5,2,3,2
3002,0.0,0.0,53.0,75.0,-1201.0,596791.0,19558.0,29862.0,45536.0,27673.0,22275.0,25852.0,2254.0,0,5,2,3,2
3898,0.0,0.0,53.0,75.0,49.0,270264.0,13624.0,20495.0,7160.0,5626.0,3992.0,6379.0,9981.0,0,5,2,3,2
4800,0.0,0.0,56.0,88.0,277.0,506337.0,185656.0,346917.0,179920.0,46672.0,93178.0,131956.0,10751.0,0,5,2,3,2
6001,0.0,0.0,78.0,64.0,116.0,86919.0,36270.0,4187.0,5757.0,704.0,17859.0,1815.0,394.0,0,5,2,3,2
6902,0.0,0.0,54.0,67.0,-373.0,2187100.0,470497.0,126778.0,260954.0,69471.0,82776.0,34249.0,5392.0,0,5,2,3,2
7797,0.0,0.0,47.0,53.0,21.0,430300.0,112954.0,24257.0,25903.0,8556.0,17215.0,10223.0,792.0,0,5,2,3,2
8999,0.0,0.0,47.0,40.0,202.0,1556687.0,594086.0,215155.0,268960.0,58463.0,173546.0,60957.0,8502.0,0,5,2,3,2
9900,0.0,0.0,30.0,61.0,1.0,2325765.0,63424.0,86304.0,19275.0,20676.0,21754.0,19889.0,1250.0,0,5,2,3,2
10797,0.0,0.0,30.0,61.0,321.0,2005031.0,85417.0,38961.0,44855.0,30331.0,29491.0,10429.0,3531.0,0,5,2,3,2
11698,0.0,0.0,34.0,66.0,-85.0,201766.0,18211.0,13355.0,12681.0,5345.0,4439.0,3071.0,571.0,0,5,2,3,2
12897,0.0,0.0,37.0,81.0,150.0,2611974.0,127379.0,130064.0,126256.0,23648.0,56801.0,30196.0,14912.0,0,5,2,3,2
13797,0.0,0.0,30.0,74.0,-84.0,653757.0,209753.0,24167.0,46644.0,15632.0,27137.0,11882.0,2111.0,0,5,2,3,2
14698,0.0,0.0,30.0,74.0,252.0,250795.0,280440.0,158836.0,68118.0,39564.0,70033.0,43528.0,5037.0,0,5,2,3,2
15900,0.0,0.0,44.0,63.0,24.0,868641.0,23245.0,6027.0,11667.0,2032.0,13373.0,1714.0,478.0,0,5,2,3,2
16800,0.0,0.0,43.0,63.0,307.0,497788.0,91464.0,11832.0,88574.0,5714.0,15398.0,11364.0,2097.0,0,5,2,3,2
17701,0.0,0.0,43.0,63.0,-179.0,1594746.0,76502.0,13288.0,66823.0,46620.0,39817.0,14025.0,4185.0,0,5,2,3,2
18903,0.0,0.0,40.0,60.0,87.0,1939301.0,65806.0,59874.0,34819.0,21193.0,17919.0,16453.0,3573.0,0,5,2,3,2
19798,0.0,0.0,51.0,63.0,24.0,552699.0,77535.0,22846.0,21348.0,8705.0,27732.0,8019.0,2834.0,0,5,2,3,2
20699,0.0,0.0,47.0,60.0,119.0,2109580.0,298088.0,25600.0,107529.0,21779.0,114502.0,32608.0,6453.0,0,5,2,3,2
21903,0.0,0.0,75.0,40.0,-150.0,106459.0,94128.0,8770.0,24731.0,6356.0,104793.0,3691.0,1115.0,0,5,2,3,2
22798,0.0,0.0,66.0,23.0,144.0,1652983.0,1409221.0,232557.0,130855.0,30425.0,100497.0,42075.0,4836.0,0,5,2,3,2
23699,0.0,0.0,66.0,23.0,119.0,782222.0,13515.0,4593.0,13487.0,7649.0,12586.0,1860.0,452.0,0,5,2,3,2
24901,0.0,0.0,69.0,29.0,154.0,1912876.0,49366.0,9381.0,48620.0,7162.0,36471.0,8780.0,3154.0,0,5,2,3,2
25796,0.0,0.0,77.0,24.0,-82.0,1028104.0,68437.0,8666.0,14992.0,6237.0,36826.0,16089.0,2110.0,0,5,2,3,2
26702,0.0,0.0,77.0,35.0,9.0,270171.0,22000.0,20699.0,10300.0,6849.0,54123.0,15653.0,793.0,0,5,2,3,2
27899,0.0,0.0,87.0,35.0,12.0,1619461.0,352715.0,70170.0,50544.0,28653.0,71616.0,33968.0,6936.0,0,5,2,3,2
28799,0.0,0.0,67.0,26.0,169.0,1297608.0,1879573.0,363927.0,388959.0,222608.0,238332.0,423514.0,40186.0,0,5,2,3,2
29695,0.0,0.0,57.0,30.0,-157.0,541088.0,88669.0,8826.0,25387.0,4852.0,26940.0,12248.0,830.0,0,5,2,3,2
30897,0.0,0.0,30.0,37.0,60.0,1086815.0,118413.0,24323.0,60945.0,5706.0,23272.0,11607.0,969.0,0,5,2,3,2
31797,0.0,0.0,16.0,24.0,42.0,1399087.0,1346322.0,95602.0,58366.0,43975.0,64084.0,47548.0,8786.0,0,5,2,3,2
32696,0.0,0.0,34.0,27.0,124.0,1198231.0,231274.0,88793.0,59723.0,18253.0,124771.0,30085.0,4778.0,0,5,2,3,2
33596,0.0,0.0,34.0,27.0,-71.0,23101.0,15209.0,266.0,3128.0,303.0,8119.0,248.0,60.0,0,5,2,3,2
34800,0.0,0.0,40.0,16.0,69.0,504460.0,65620.0,3320.0,9697.0,13193.0,29498.0,8727.0,3100.0,0,5,2,3,2
35696,0.0,0.0,26.0,3.0,5.0,1151600.0,317937.0,58333.0,8119.0,15843.0,10149.0,14989.0,1542.0,0,5,2,3,2
36597,0.0,0.0,47.0,30.0,180.0,509680.0,18781.0,26488.0,7821.0,7119.0,10548.0,5563.0,2479.0,0,5,2,3,2
37796,0.0,0.0,40.0,37.0,-131.0,1410571.0,154478.0,86231.0,108377.0,31007.0,61342.0,66358.0,3741.0,0,5,2,3,2
38702,0.0,0.0,30.0,63.0,135.0,360495.0,82601.0,103494.0,12953.0,7638.0,32476.0,2933.0,688.0,0,5,2,3,2
39600,0.0,0.0,60.0,69.0,11.0,1134077.0,54060.0,9464.0,22718.0,16713.0,26528.0,6049.0,1897.0,0,5,2,3,2
40801,0.0,0.0,57.0,57.0,140.0,3112902.0,289380.0,115358.0,61803.0,42060.0,98271.0,82195.0,7025.0,0,5,2,3,2
41699,0.0,0.0,75.0,44.0,-93.0,93499.0,9542.0,3396.0,2112.0,965.0,11891.0,2740.0,288.0,0,5,2,3,2
42600,0.0,0.0,78.0,34.0,86.0,351085.0,87294.0,34735.0,13517.0,14307.0,28813.0,19132.0,1480.0,0,5,2,3,2
43796,0.0,0.0,67.0,26.0,-11.0,577918.0,177868.0,23291.0,15161.0,3471.0,27956.0,12759.0,1595.0,0,5,2,3,2
44702,0.0,0.0,53.0,30.0,-166.0,314244.0,138714.0,16899.0,96111.0,17397.0,13659.0,12031.0,1355.0,0,5,2,3,2
45599,0.0,0.0,35.0,38.0,-61.0,1289839.0,81805.0,9885.0,39207.0,6677.0,18604.0,19115.0,1442.0,0,5,2,3,2
46800,0.0,0.0,30.0,40.0,251.0,400784.0,90348.0,15997.0,40999.0,23882.0,23288.0,8655.0,1924.0,0,5,2,3,2
47701,0.0,0.0,37.0,47.0,-42.0,1446230.0,184190.0,66442.0,38388.0,40027.0,50283.0,39747.0,8066.0,0,5,2,3,2
48597,0.0,0.0,38.0,53.0,10.0,595967.0,39446.0,21284.0,32832.0,4864.0,5918.0,16651.0,804.0,0,5,2,3,2
49798,0.0,0.0,24.0,61.0,-29.0,1689606.0,374322.0,195215.0,183054.0,18716.0,33568.0,44532.0,9644.0,0,5,2,3,2
50699,0.0,0.0,23.0,63.0,-131.0,1168331.0,282767.0,49641.0,125537.0,22368.0,64767.0,80949.0,5488.0,0,5,2,3,2
51597,0.0,0.0,23.0,63.0,18.0,44999.0,4280.0,1328.0,737.0,449.0,1267.0,700.0,107.0,0,5,2,3,2
52804,0.0,0.0,11.0,51.0,-134.0,2625042.0,646424.0,17804.0,77273.0,51143.0,45953.0,66781.0,3894.0,0,5,2,3,2
53697,0.0,0.0,24.0,27.0,185.0,1154738.0,71844.0,9356.0,8921.0,20200.0,19070.0,11535.0,3201.0,0,5,2,3,2
54603,0.0,0.0,44.0,13.0,200.0,112287.0,22194.0,2720.0,5325.0,1698.0,7838.0,2229.0,245.0,0,5,2,3,2
55799,0.0,0.0,53.0,8.0,-100.0,1283537.0,344812.0,105812.0,63786.0,30381.0,161821.0,44524.0,4541.0,0,5,2,3,2
56700,0.0,0.0,66.0,14.0,-187.0,2384563.0,1628298.0,247490.0,244228.0,158894.0,443416.0,104402.0,21872.0,0,5,2,3,2
57596,0.0,0.0,60.0,43.0,279.0,143599.0,6612.0,10539.0,9564.0,1525.0,3493.0,1675.0,272.0,0,5,2,3,2
58797,0.0,0.0,51.0,61.0,52.0,259235.0,14326.0,15996.0,6797.0,2941.0,4968.0,994.0,191.0,0,5,2,3,2
59698,0.0,0.0,40.0,70.0,-101.0,184711.0,54788.0,12587.0,38073.0,10054.0,12237.0,17354.0,764.0,0,5,2,3,2
60599,0.0,0.0,35.0,83.0,-66.0,624696.0,53946.0,9581.0,36929.0,6568.0,11595.0,15516.0,1530.0,0,5,2,3,2
61501,0.0,0.0,37.0,75.0,233.0,986789.0,252164.0,84709.0,183779.0,35340.0,76518.0,29159.0,7369.0,0,5,2,3,2
62697,0.0,0.0,47.0,63.0,166.0,230770.0,32578.0,22206.0,7589.0,17393.0,19177.0,7374.0,887.0,0,5,2,3,2
63598,0.0,0.0,50.0,66.0,7.0,403318.0,46065.0,38309.0,32763.0,11205.0,17428.0,9696.0,1488.0,0,5,2,3,2
64499,0.0,0.0,56.0,53.0,3.0,114192.0,35069.0,2014.0,7786.0,1806.0,8508.0,954.0,408.0,0,5,2,3,2
65697,0.0,0.0,44.0,48.0,119.0,874328.0,121529.0,81515.0,6912.0,25009.0,11889.0,5165.0,1518.0,0,5,2,3,2
66603,0.0,0.0,27.0,51.0,-198.0,1437337.0,341668.0,89167.0,101588.0,12861.0,38170.0,61072.0,4548.0,0,5,2,3,2
67499,0.0,0.0,17.0,38.0,185.0,255566.0,102945.0,27073.0,14662.0,12018.0,7975.0,19256.0,1157.0,0,5,2,3,2
68700,0.0,0.0,1.0,26.0,-23.0,1099523.0,781139.0,29760.0,14902.0,37955.0,28638.0,70116.0,5962.0,0,5,2,3,2
69601,0.0,0.0,13.0,29.0,-258.0,671867.0,41384.0,23880.0,20965.0,4148.0,20328.0,5718.0,817.0,0,5,2,3,2
70497,0.0,0.0,34.0,30.0,154.0,1206886.0,27311.0,7531.0,17251.0,12925.0,21200.0,11627.0,1850.0,0,5,2,3,2
71698,0.0,0.0,48.0,50.0,113.0,544046.0,89322.0,138497.0,76719.0,12161.0,61403.0,27553.0,4975.0,0,5,2,3,2
72599,0.0,0.0,48.0,50.0,-52.0,237968.0,23261.0,9655.0,4577.0,744.0,5055.0,2250.0,257.0,0,5,2,3,2
73500,0.0,0.0,57.0,83.0,-45.0,460431.0,77936.0,71124.0,27522.0,11415.0,14673.0,22555.0,891.0,0,5,2,3,2
74696,0.0,0.0,48.0,74.0,155.0,233112.0,126293.0,5011.0,34807.0,8274.0,14562.0,7500.0,909.0,0,5,2,3,2
75597,0.0,0.0,29.0,67.0,-7.0,603506.0,64830.0,3740.0,17494.0,4556.0,7951.0,14838.0,1646.0,0,5,2,3,2
76503,0.0,0.0,34.0,43.0,160.0,220045.0,57214.0,3054.0,7988.0,3853.0,16542.0,10365.0,962.0,0,5,2,3,2
77699,0.0,0.0,27.0,34.0,-129.0,318767.0,443254.0,132540.0,96731.0,76306.0,32850.0,32928.0,4595.0,0,5,2,3,2
78600,0.0,0.0,34.0,26.0,-118.0,272471.0,104013.0,2326.0,15853.0,9864.0,16343.0,7420.0,3094.0,0,5,2,3,2
79496,0.0,0.0,44.0,34.0,151.0,687535.0,160362.0,59382.0,88356.0,35792.0,94187.0,67886.0,5640.0,0,5,2,3,2
80702,0.0,0.0,29.0,56.0,96.0,581744.0,62553.0,74827.0,19142.0,3791.0,9684.0,11679.0,3762.0,0,5,2,3,2
81598,0.0,0.0,35.0,64.0,-73.0,258810.0,48915.0,30549.0,23413.0,4713.0,9161.0,9998.0,999.0,0,5,2,3,2
82499,0.0,0.0,38.0,83.0,-39.0,1394145.0,29088.0,20135.0,13701.0,9190.0,12172.0,10693.0,961.0,0,5,2,3,2
83700,0.0,0.0,34.0,81.0,202.0,584610.0,162208.0,29948.0,89852.0,40086.0,49251.0,67466.0,5415.0,0,5,2,3,2
84600,0.0,0.0,29.0,53.0,-38.0,79790.0,50330.0,1252.0,3620.0,1916.0,2697.0,1852.0,274.0,0,5,2,3,2
85496,0.0,0.0,23.0,48.0,259.0,1780659.0,447963.0,206367.0,77349.0,37108.0,38543.0,63280.0,4114.0,0,5,2,3,2
86402,0.0,0.0,23.0,38.0,12.0,1267996.0,69598.0,15355.0,13378.0,11749.0,17102.0,9967.0,1372.0,0,5,2,3,2
87598,0.0,0.0,11.0,35.0,-132.0,475491.0,106905.0,22603.0,20161.0,9748.0,8747.0,12520.0,2102.0,0,5,2,3,2
88499,0.0,0.0,21.0,51.0,194.0,332522.0,75450.0,26194.0,14804.0,11289.0,14313.0,14932.0,3080.0,0,5,2,3,2
89400,0.0,0.0,35.0,53.0,-70.0,298202.0,52420.0,22806.0,22795.0,6455.0,16038.0,11714.0,1057.0,0,5,2,3,2
90597,0.0,0.0,29.0,61.0,-276.0,315691.0,46831.0,4064.0,43107.0,14635.0,10366.0,6231.0,1062.0,0,5,2,3,2
91500,0.0,0.0,38.0,63.0,67.0,832507.0,65036.0,4838.0,24061.0,8680.0,11185.0,12258.0,398.0,0,5,2,3,2
92396,0.0,0.0,27.0,66.0,-234.0,162539.0,71402.0,15011.0,36362.0,3756.0,6156.0,7586.0,934.0,0,5,2,3,2
93596,0.0,0.0,24.0,54.0,99.0,284330.0,483210.0,88237.0,33513.0,61099.0,81175.0,27753.0,2946.0,0,5,2,3,2
94497,0.0,0.0,13.0,51.0,106.0,732589.0,144727.0,16731.0,59978.0,11276.0,8678.0,9525.0,1323.0,0,5,2,3,2
95397,0.0,0.0,13.0,51.0,-53.0,1313075.0,181115.0,8680.0,85964.0,31031.0,34656.0,23493.0,3282.0,0,5,2,3,2
96600,0.0,0.0,13.0,44.0,73.0,315177.0,399806.0,86403.0,61255.0,22374.0,28858.0,39013.0,4681.0,0,5,2,3,2
97501,0.0,0.0,10.0,60.0,122.0,761238.0,70020.0,15035.0,51490.0,9437.0,13217.0,7765.0,1067.0,0,5,2,3,2
98397,0.0,0.0,20.0,48.0,-103.0,289812.0,85356.0,4298.0,10392.0,5368.0,9974.0,5883.0,4394.0,0,5,2,3,2
99603,0.0,0.0,16.0,44.0,130.0,821654.0,480812.0,10224.0,141305.0,15680.0,60064.0,34344.0,2428.0,0,5,2,3,2
100496,0.0,0.0,23.0,53.0,-28.0,2304345.0,220167.0,131888.0,88003.0,27411.0,44245.0,26749.0,4229.0,0,5,2,3,2
101397,0.0,0.0,11.0,34.0,-155.0,870541.0,1255422.0,103808.0,65126.0,22745.0,44832.0,15205.0,5779.0,0,5,2,3,2
102599,0.0,0.0,8.0,44.0,305.0,317448.0,342573.0,121853.0,50741.0,41746.0,39821.0,18750.0,3493.0,0,5,2,3,2
103500,0.0,0.0,1.0,43.0,9.0,466273.0,656619.0,134244.0,40966.0,37794.0,41873.0,43595.0,2653.0,0,5,2,3,2
104396,0.0,0.0,8.0,38.0,0.0,2641655.0,523054.0,307751.0,107098.0,108147.0,155586.0,101245.0,31005.0,0,5,2,3,2
105602,0.0,0.0,23.0,63.0,-94.0,447834.0,152350.0,199400.0,91673.0,14531.0,54111.0,15847.0,2343.0,0,5,2,3,2
106498,0.0,0.0,27.0,61.0,-91.0,63040.0,11053.0,1998.0,4280.0,5150.0,1967.0,1116.0,390.0,0,5,2,3,2
107399,0.0,0.0,29.0,61.0,185.0,761360.0,548718.0,76113.0,53646.0,31102.0,43848.0,36215.0,2870.0,0,5,2,3,2
108599,0.0,0.0,21.0,60.0,42.0,2540769.0,678276.0,231114.0,64814.0,19674.0,68550.0,23816.0,4593.0,0,5,2,3,2
109500,0.0,0.0,23.0,44.0,-1.0,2038119.0,219212.0,86189.0,19246.0,28653.0,39380.0,17866.0,6403.0,0,5,2,3,2
110398,0.0,0.0,24.0,41.0,-75.0,2117196.0,1216867.0,444171.0,26133.0,378802.0,182211.0,95827.0,8129.0,0,5,2,3,2
112499,0.0,0.0,24.0,56.0,202.0,31686.0,37893.0,5066.0,4388.0,5862.0,2145.0,768.0,312.0,0,5,2,3,2
113400,0.0,0.0,24.0,56.0,208.0,737349.0,302874.0,56901.0,87416.0,28556.0,55196.0,46490.0,3676.0,0,5,2,3,2
114301,0.0,0.0,27.0,67.0,-35.0,133614.0,70068.0,48326.0,29646.0,10040.0,23977.0,6377.0,987.0,0,5,2,3,2
115497,0.0,0.0,26.0,48.0,-27.0,369660.0,247498.0,46494.0,18940.0,5688.0,26785.0,10959.0,1563.0,0,5,2,3,2
116398,0.0,0.0,41.0,53.0,192.0,568008.0,40338.0,5460.0,18634.0,12453.0,10114.0,9068.0,1768.0,0,5,2,3,2
117299,0.0,0.0,26.0,43.0,-54.0,704191.0,217400.0,13868.0,20280.0,14926.0,9403.0,3770.0,1512.0,0,5,2,3,2
118500,0.0,0.0,14.0,40.0,149.0,1067872.0,2041282.0,525011.0,678607.0,55906.0,182360.0,68033.0,10145.0,0,5,2,3,2
119401,0.0,0.0,10.0,47.0,34.0,752286.0,272973.0,54467.0,85512.0,24166.0,26427.0,50641.0,3405.0,0,5,2,3,2
120297,0.0,0.0,8.0,48.0,-136.0,296400.0,71243.0,11541.0,32129.0,13584.0,14725.0,15414.0,1631.0,0,5,2,3,2
121498,0.0,0.0,7.0,50.0,169.0,475234.0,993893.0,147070.0,37944.0,42840.0,32809.0,38342.0,4864.0,0,5,2,3,2
122399,0.0,0.0,21.0,43.0,51.0,37371.0,14753.0,3078.0,3308.0,1021.0,4117.0,996.0,424.0,0,5,2,3,2
123300,0.0,0.0,11.0,23.0,119.0,633667.0,246785.0,14027.0,8411.0,8755.0,6673.0,8591.0,2808.0,0,5,2,3,2
124535,0.0,0.0,3.0,13.0,39.0,150446.0,160872.0,17125.0,8654.0,3294.0,10702.0,4276.0,920.0,0,5,2,3,2
125399,0.0,0.0,24.0,24.0,22.0,71258.0,50339.0,33565.0,6269.0,8881.0,14873.0,8037.0,1382.0,0,5,2,3,2
126300,0.0,0.0,10.0,20.0,75.0,188557.0,164820.0,12273.0,20976.0,12377.0,12277.0,14573.0,3233.0,0,5,2,3,2
127501,0.0,0.0,29.0,27.0,118.0,683382.0,110354.0,12802.0,13328.0,9369.0,19581.0,9875.0,1309.0,0,5,2,3,2
128397,0.0,0.0,34.0,38.0,203.0,100046.0,96046.0,31055.0,6160.0,7726.0,10503.0,4900.0,789.0,0,5,2,3,2
129298,0.0,0.0,16.0,26.0,-49.0,1049678.0,201320.0,15901.0,20593.0,8506.0,9960.0,7096.0,1558.0,0,5,2,3,2
130499,0.0,0.0,17.0,27.0,228.0,911720.0,150077.0,14578.0,30133.0,3896.0,12925.0,4471.0,1305.0,0,5,2,3,2
131395,0.0,0.0,13.0,26.0,-30.0,687891.0,70567.0,6261.0,7224.0,13975.0,7467.0,10897.0,1213.0,0,5,2,3,2
132297,0.0,0.0,10.0,30.0,213.0,266832.0,75226.0,18477.0,31458.0,4661.0,7164.0,7336.0,1338.0,0,5,2,3,2
133498,0.0,0.0,21.0,50.0,68.0,1025935.0,53406.0,46901.0,6420.0,2675.0,12647.0,6709.0,2304.0,0,5,2,3,2
134399,0.0,0.0,24.0,51.0,-109.0,740257.0,224093.0,65382.0,39800.0,56995.0,30602.0,21885.0,4589.0,0,5,2,3,2
135300,0.0,0.0,26.0,69.0,186.0,1033567.0,202385.0,106192.0,113636.0,47551.0,37851.0,7129.0,7652.0,0,5,2,3,2
136196,0.0,0.0,29.0,61.0,67.0,307562.0,150134.0,37291.0,8631.0,17127.0,12840.0,7548.0,1464.0,0,5,2,3,2
137402,0.0,0.0,13.0,44.0,-69.0,2507188.0,1169497.0,109958.0,105573.0,26673.0,42112.0,12319.0,5951.0,0,5,2,3,2
138298,0.0,0.0,10.0,41.0,-261.0,213463.0,111966.0,17743.0,12972.0,3671.0,10052.0,6609.0,1174.0,0,5,2,3,2
139199,0.0,0.0,14.0,37.0,84.0,55770.0,25395.0,11112.0,4366.0,1871.0,5484.0,841.0,124.0,0,5,2,3,2
140400,0.0,0.0,23.0,47.0,-1.0,268232.0,29535.0,24157.0,8568.0,11712.0,10164.0,5099.0,1266.0,0,5,2,3,2
