703,0.0,0.0,0.0,0.0,-2048.0,55186.0,23801.0,11258.0,10898.0,17337.0,114590.0,16784.0,13274.0,0
1899,0.0,0.0,0.0,0.0,2047.0,1174535.0,93665.0,56267.0,16585.0,52336.0,285957.0,163585.0,40840.0,0
2800,0.0,0.0,0.0,0.0,2047.0,666513.0,126004.0,40640.0,17339.0,11737.0,257170.0,219360.0,137405.0,0
3701,0.0,0.0,0.0,0.0,-1722.0,294098.0,134392.0,74379.0,123248.0,49037.0,201458.0,278507.0,73386.0,0
4902,0.0,0.0,0.0,0.0,-2048.0,511655.0,303377.0,45306.0,22970.0,62655.0,186035.0,115826.0,66258.0,0
5799,0.0,0.0,0.0,0.0,2047.0,967895.0,784511.0,94586.0,50488.0,109379.0,368572.0,186481.0,49708.0,0
6699,0.0,0.0,0.0,0.0,2047.0,518325.0,82686.0,10391.0,27526.0,65593.0,134464.0,145806.0,65237.0,0
7900,0.0,0.0,0.0,0.0,-294.0,495656.0,107091.0,29683.0,118547.0,80341.0,250656.0,430293.0,65557.0,0
8801,0.0,0.0,0.0,0.0,-2048.0,565173.0,277859.0,19964.0,21577.0,58153.0,384414.0,178838.0,101559.0,0
9702,0.0,0.0,0.0,0.0,2047.0,691000.0,732371.0,19283.0,28917.0,52283.0,227014.0,154471.0,62119.0,0
10904,0.0,0.0,0.0,0.0,2047.0,589209.0,59931.0,39927.0,14102.0,25667.0,203796.0,220783.0,43305.0,0
11800,0.0,0.0,0.0,0.0,1386.0,814613.0,226072.0,460628.0,568402.0,183575.0,903598.0,1796532.0,1013067.0,0
12702,0.0,0.0,0.0,0.0,-2048.0,868812.0,76782.0,44735.0,70015.0,39564.0,269441.0,93341.0,48822.0,0
13598,0.0,0.0,0.0,0.0,2047.0,993581.0,312228.0,104308.0,140935.0,98113.0,205034.0,130996.0,62761.0,0
14800,0.0,0.0,0.0,0.0,2047.0,831526.0,57763.0,8737.0,14320.0,19997.0,243322.0,210786.0,86624.0,0
15701,0.0,0.0,0.0,0.0,2047.0,131343.0,18502.0,28511.0,20673.0,16613.0,117169.0,33296.0,25838.0,0
16602,0.0,0.0,0.0,0.0,-2048.0,1675960.0,90146.0,18477.0,134290.0,214307.0,152316.0,186235.0,47567.0,0
17803,0.0,0.0,0.0,0.0,1801.0,476148.0,307689.0,233631.0,113441.0,76032.0,124434.0,111439.0,71075.0,0
18704,0.0,0.0,0.0,0.0,2047.0,667616.0,69439.0,10749.0,12480.0,20211.0,371182.0,344271.0,82608.0,0
19600,0.0,0.0,0.0,0.0,2047.0,1125857.0,411853.0,27893.0,76963.0,15554.0,320757.0,388770.0,148320.0,0
20801,0.0,0.0,0.0,0.0,-2048.0,684660.0,165861.0,89856.0,47915.0,50410.0,259893.0,398046.0,128806.0,0
21702,0.0,0.0,0.0,0.0,-628.0,560549.0,111966.0,43610.0,29562.0,63284.0,321098.0,152734.0,53269.0,0
22600,0.0,0.0,0.0,0.0,2047.0,499769.0,16300.0,2567.0,14665.0,5409.0,49118.0,43068.0,6939.0,0
23801,0.0,0.0,0.0,0.0,2047.0,76559.0,82432.0,28225.0,8986.0,27891.0,150269.0,44438.0,28616.0,0
24702,0.0,0.0,0.0,0.0,-2048.0,63745.0,121210.0,211.0,6155.0,9797.0,141790.0,50845.0,17630.0,0
25603,0.0,0.0,0.0,0.0,-2048.0,464716.0,179565.0,31011.0,12191.0,6862.0,353192.0,237981.0,43334.0,0
26799,0.0,0.0,0.0,0.0,2047.0,1632997.0,145316.0,9288.0,34053.0,93089.0,221244.0,225567.0,145398.0,0
27700,0.0,0.0,0.0,0.0,2047.0,41936.0,79302.0,5546.0,4603.0,20595.0,139143.0,70028.0,16984.0,0
28601,0.0,0.0,0.0,0.0,-2048.0,121022.0,34649.0,20155.0,12708.0,7895.0,156480.0,76292.0,34064.0,0
29801,0.0,0.0,0.0,0.0,-2048.0,859218.0,322144.0,19015.0,18109.0,45658.0,147271.0,102434.0,30582.0,0
30702,0.0,0.0,0.0,0.0,2047.0,284079.0,160405.0,63440.0,25027.0,24172.0,245201.0,433401.0,30475.0,0
31603,0.0,0.0,0.0,0.0,2047.0,1395388.0,369832.0,143451.0,145361.0,182569.0,870354.0,1603495.0,303937.0,0
32801,0.0,0.0,0.0,0.0,-2048.0,564415.0,94834.0,8542.0,108365.0,113424.0,183991.0,205298.0,73815.0,0
33702,0.0,0.0,0.0,0.0,-2048.0,420360.0,184732.0,42330.0,11783.0,20981.0,133024.0,167224.0,10682.0,0
34600,0.0,0.0,0.0,0.0,2047.0,301897.0,317605.0,6372.0,9741.0,31580.0,331970.0,308620.0,22827.0,0
35801,0.0,0.0,0.0,0.0,2047.0,20177.0,35856.0,7925.0,7839.0,12460.0,332278.0,31614.0,14868.0,0
36702,0.0,0.0,0.0,0.0,-2048.0,504396.0,114709.0,9468.0,59675.0,86373.0,153731.0,258413.0,75639.0,0
37603,0.0,0.0,0.0,0.0,-2048.0,152786.0,167552.0,32783.0,11095.0,18169.0,215598.0,275044.0,37011.0,0
38799,0.0,0.0,0.0,0.0,2047.0,1058774.0,467065.0,15469.0,13856.0,19910.0,240675.0,253166.0,33044.0,0
39700,0.0,0.0,0.0,0.0,2047.0,658888.0,217905.0,51697.0,59377.0,45824.0,384520.0,438481.0,103795.0,0
40603,0.0,0.0,0.0,0.0,-2048.0,80725.0,23115.0,9381.0,11253.0,19779.0,89639.0,91856.0,17794.0,0
42704,0.0,0.0,0.0,0.0,2047.0,2102590.0,1643186.0,17472.0,74700.0,270959.0,736954.0,558302.0,187374.0,0
43600,0.0,0.0,0.0,0.0,2047.0,733481.0,238346.0,29170.0,35315.0,62073.0,364788.0,489391.0,70583.0,0
44501,0.0,0.0,0.0,0.0,-2048.0,53588.0,31836.0,6446.0,16828.0,12295.0,101824.0,43001.0,21870.0,0
45702,0.0,0.0,0.0,0.0,-2048.0,121660.0,195709.0,36702.0,9174.0,13904.0,350681.0,339209.0,25512.0,0
46603,0.0,0.0,0.0,0.0,2047.0,2022210.0,690749.0,42628.0,81998.0,46189.0,129472.0,151004.0,48372.0,0
47504,0.0,0.0,0.0,0.0,2047.0,222205.0,84831.0,22673.0,29417.0,42035.0,396950.0,330003.0,54090.0,0
48700,0.0,0.0,0.0,0.0,-2048.0,118784.0,35335.0,6016.0,25445.0,37773.0,44510.0,56518.0,11934.0,0
49601,0.0,0.0,0.0,0.0,-2048.0,322605.0,112612.0,119760.0,57529.0,20785.0,465846.0,173505.0,76277.0,0
50504,0.0,0.0,0.0,0.0,2047.0,604116.0,468070.0,55170.0,11098.0,32694.0,239409.0,199209.0,50212.0,0
51700,0.0,0.0,0.0,0.0,2047.0,62570.0,62992.0,3488.0,25906.0,33622.0,75962.0,100815.0,18551.0,0
52603,0.0,0.0,0.0,0.0,-2048.0,592998.0,208483.0,21161.0,74263.0,34051.0,250716.0,327949.0,78634.0,0
53504,0.0,0.0,0.0,0.0,-2048.0,611181.0,118287.0,26908.0,15458.0,39766.0,166360.0,87802.0,77182.0,0
54702,0.0,0.0,0.0,0.0,2047.0,132272.0,415545.0,64654.0,53029.0,45753.0,171147.0,255240.0,150248.0,0
55603,0.0,0.0,0.0,0.0,2047.0,372391.0,286092.0,104739.0,69678.0,69512.0,180479.0,313929.0,96719.0,0
56501,0.0,0.0,0.0,0.0,-2048.0,460857.0,233279.0,7833.0,41847.0,55391.0,398402.0,512325.0,58255.0,0
57702,0.0,0.0,0.0,0.0,185.0,988011.0,348979.0,36876.0,70179.0,42764.0,261096.0,243412.0,58183.0,0
58603,0.0,0.0,0.0,0.0,2047.0,510082.0,85737.0,15979.0,47795.0,17734.0,186168.0,285595.0,128240.0,0
59504,0.0,0.0,0.0,0.0,2047.0,198439.0,452690.0,9917.0,62238.0,77290.0,421841.0,357433.0,55807.0,0
60701,0.0,0.0,0.0,0.0,-2048.0,759866.0,154276.0,74923.0,27188.0,35753.0,150111.0,400148.0,89617.0,0
61602,0.0,0.0,0.0,0.0,1847.0,363343.0,283047.0,46654.0,67828.0,17636.0,327841.0,200673.0,70074.0,0
62503,0.0,0.0,0.0,0.0,2047.0,756082.0,59706.0,20680.0,17501.0,29762.0,199233.0,140410.0,45769.0,0
63399,0.0,0.0,0.0,0.0,867.0,1916799.0,761622.0,259915.0,81599.0,233440.0,1186654.0,1312274.0,302845.0,0
64600,0.0,0.0,0.0,0.0,-2048.0,659275.0,123099.0,17243.0,55610.0,44999.0,286534.0,179847.0,53506.0,0
65501,0.0,0.0,0.0,0.0,2047.0,441443.0,317068.0,64369.0,69301.0,21241.0,307675.0,184535.0,65157.0,0
66402,0.0,0.0,0.0,0.0,2047.0,1114910.0,113175.0,38469.0,48252.0,58516.0,357119.0,337449.0,79684.0,0
67603,0.0,0.0,0.0,0.0,-1762.0,546368.0,157839.0,80462.0,88333.0,38982.0,182815.0,473593.0,79652.0,0
68504,0.0,0.0,0.0,0.0,-2048.0,506026.0,115331.0,13433.0,17970.0,10066.0,167627.0,129114.0,48101.0,0
69700,0.0,0.0,0.0,0.0,2047.0,595788.0,125835.0,7216.0,18408.0,10015.0,238063.0,172311.0,25400.0,0
70603,0.0,0.0,0.0,0.0,2047.0,751067.0,128854.0,27578.0,42886.0,48733.0,458176.0,266284.0,43558.0,0
71504,0.0,0.0,0.0,0.0,-2048.0,951493.0,396100.0,5117.0,44185.0,100217.0,428741.0,505680.0,178667.0,0
72400,0.0,0.0,0.0,0.0,-2048.0,750486.0,214476.0,16852.0,60881.0,9858.0,85282.0,86523.0,30168.0,0
73601,0.0,0.0,0.0,0.0,2047.0,379812.0,147958.0,54303.0,9897.0,29615.0,198966.0,181650.0,51085.0,0
74502,0.0,0.0,0.0,0.0,2047.0,432508.0,296573.0,43781.0,41134.0,10979.0,233663.0,274398.0,41335.0,0
75403,0.0,0.0,0.0,0.0,-2048.0,180071.0,50834.0,8752.0,17486.0,39446.0,91427.0,77148.0,18791.0,0
76599,0.0,0.0,0.0,0.0,-2048.0,254710.0,175770.0,17754.0,9609.0,8534.0,262003.0,289016.0,26042.0,0
77502,0.0,0.0,0.0,0.0,2047.0,1099789.0,392634.0,5562.0,26644.0,42895.0,164450.0,171048.0,41484.0,0
78403,0.0,0.0,0.0,0.0,2047.0,38326.0,24820.0,2749.0,13543.0,11294.0,120482.0,36317.0,36221.0,0
79599,0.0,0.0,0.0,0.0,-2048.0,554140.0,157031.0,43273.0,60123.0,79775.0,289983.0,524232.0,104044.0,0
80500,0.0,0.0,0.0,0.0,-2048.0,570039.0,162855.0,10603.0,11533.0,17027.0,261619.0,264171.0,31530.0,0
81398,0.0,0.0,0.0,0.0,2047.0,462278.0,105458.0,34256.0,38743.0,26531.0,139202.0,257653.0,75702.0,0
82599,0.0,0.0,0.0,0.0,2047.0,58206.0,93952.0,16940.0,17795.0,22696.0,58824.0,59225.0,16992.0,0
83502,0.0,0.0,0.0,0.0,-2048.0,534179.0,214217.0,18343.0,22479.0,37608.0,299592.0,459229.0,83262.0,0
84403,0.0,0.0,0.0,0.0,907.0,414676.0,114838.0,21393.0,30385.0,13326.0,209193.0,183331.0,30027.0,0
85599,0.0,0.0,0.0,0.0,2047.0,1510044.0,100285.0,49007.0,18652.0,77755.0,164334.0,391821.0,148291.0,0
86500,0.0,0.0,0.0,0.0,1074.0,503312.0,263009.0,12792.0,53706.0,196211.0,533442.0,402718.0,87550.0,0
87401,0.0,0.0,0.0,0.0,-2048.0,734719.0,167516.0,23138.0,44013.0,29561.0,245232.0,148962.0,46065.0,0
88602,0.0,0.0,0.0,0.0,2047.0,178538.0,334173.0,8492.0,16474.0,23798.0,338431.0,203535.0,42187.0,0
89500,0.0,0.0,0.0,0.0,2047.0,590311.0,91735.0,19099.0,29332.0,30494.0,98089.0,195941.0,24999.0,0
90401,0.0,0.0,0.0,0.0,-2048.0,299617.0,203482.0,37746.0,59492.0,9314.0,258979.0,210951.0,52112.0,0
91304,0.0,0.0,0.0,0.0,-2048.0,481706.0,137997.0,27575.0,14236.0,81284.0,224207.0,107978.0,47226.0,0
92500,0.0,0.0,0.0,0.0,2047.0,3185759.0,706320.0,143937.0,106291.0,137655.0,534048.0,833715.0,250462.0,0
93401,0.0,0.0,0.0,0.0,2047.0,650762.0,77242.0,41618.0,40947.0,31028.0,150164.0,250393.0,177008.0,0
94302,0.0,0.0,0.0,0.0,-2048.0,864236.0,236364.0,59490.0,36239.0,135634.0,253623.0,410658.0,95484.0,0
95502,0.0,0.0,0.0,0.0,-2048.0,403373.0,143610.0,18416.0,17620.0,62388.0,217890.0,109077.0,53943.0,0
96399,0.0,0.0,0.0,0.0,2047.0,1057395.0,567946.0,32427.0,30270.0,30165.0,229476.0,237061.0,41079.0,0
97300,0.0,0.0,0.0,0.0,2047.0,202008.0,139257.0,17373.0,40443.0,68673.0,442473.0,361151.0,62671.0,0
98501,0.0,0.0,0.0,0.0,-2048.0,110562.0,32336.0,5404.0,30372.0,33771.0,43461.0,54740.0,17587.0,0
99402,0.0,0.0,0.0,0.0,-2048.0,142398.0,226758.0,3307.0,32615.0,25799.0,469464.0,183700.0,22099.0,0
100303,0.0,0.0,0.0,0.0,2047.0,625744.0,220235.0,74654.0,26728.0,44611.0,159520.0,179870.0,39381.0,0
101504,0.0,0.0,0.0,0.0,2047.0,246994.0,114786.0,33830.0,46988.0,35718.0,336652.0,284469.0,99799.0,0
102400,0.0,0.0,0.0,0.0,-2048.0,88047.0,104694.0,3216.0,32389.0,15927.0,102124.0,92882.0,18247.0,0
103301,0.0,0.0,0.0,0.0,-2048.0,581075.0,122989.0,9814.0,22960.0,10455.0,340132.0,383995.0,114785.0,0
104502,0.0,0.0,0.0,0.0,2047.0,1303520.0,54138.0,40078.0,14572.0,43617.0,233924.0,138614.0,87545.0,0
105403,0.0,0.0,0.0,0.0,2047.0,411670.0,402936.0,73741.0,45554.0,32832.0,181499.0,451884.0,93762.0,0
106304,0.0,0.0,0.0,0.0,-2048.0,265504.0,192342.0,7682.0,40485.0,36876.0,318878.0,298131.0,59087.0,0
107500,0.0,0.0,0.0,0.0,-62.0,692889.0,92469.0,13029.0,45114.0,27809.0,341213.0,189500.0,67947.0,0
108401,0.0,0.0,0.0,0.0,2047.0,1014280.0,1019813.0,112215.0,59571.0,131142.0,647004.0,1582437.0,148045.0,0
109302,0.0,0.0,0.0,0.0,2047.0,352193.0,375347.0,16070.0,52661.0,72596.0,261022.0,493367.0,106094.0,0
110503,0.0,0.0,0.0,0.0,-2048.0,170008.0,73388.0,9910.0,16544.0,30119.0,92944.0,78233.0,16331.0,0
111399,0.0,0.0,0.0,0.0,1804.0,351986.0,314161.0,45116.0,67601.0,13313.0,324882.0,210492.0,63749.0,0
112300,0.0,0.0,0.0,0.0,2047.0,700997.0,229548.0,10828.0,30795.0,36852.0,261445.0,283493.0,63196.0,0
113501,0.0,0.0,0.0,0.0,394.0,251678.0,103483.0,32315.0,56527.0,42943.0,546638.0,234670.0,88873.0,0
114402,0.0,0.0,0.0,0.0,-2048.0,359314.0,188471.0,65043.0,38994.0,16111.0,837326.0,119018.0,100758.0,0
115303,0.0,0.0,0.0,0.0,2047.0,175612.0,330718.0,14612.0,22339.0,38520.0,277514.0,220464.0,38167.0,0
116203,0.0,0.0,0.0,0.0,2047.0,587438.0,93905.0,19903.0,30854.0,41364.0,107752.0,198579.0,24322.0,0
117400,0.0,0.0,0.0,0.0,-2048.0,443695.0,259945.0,7450.0,95812.0,32023.0,226421.0,276474.0,68127.0,0
118301,0.0,0.0,0.0,0.0,-2048.0,409612.0,205581.0,8810.0,23155.0,25040.0,143681.0,141963.0,57383.0,0
119198,0.0,0.0,0.0,0.0,2047.0,821673.0,149162.0,16167.0,40423.0,7882.0,195922.0,135217.0,56202.0,0
120400,0.0,0.0,0.0,0.0,2047.0,601230.0,78866.0,50067.0,21355.0,27401.0,148211.0,225892.0,190145.0,0
121303,0.0,0.0,0.0,0.0,-2048.0,768548.0,267299.0,71149.0,34711.0,68097.0,348661.0,521050.0,60157.0,0
122203,0.0,0.0,0.0,0.0,-2048.0,1323513.0,148920.0,99880.0,33673.0,103521.0,87758.0,133377.0,45951.0,0
123400,0.0,0.0,0.0,0.0,2047.0,2146545.0,1694764.0,241021.0,179028.0,100826.0,989090.0,1741005.0,273614.0,0
124300,0.0,0.0,0.0,0.0,2047.0,516643.0,83775.0,36874.0,22734.0,38078.0,243089.0,492004.0,81253.0,0
125201,0.0,0.0,0.0,0.0,-2048.0,353888.0,253656.0,39554.0,51108.0,16527.0,204290.0,246406.0,31396.0,0
126403,0.0,0.0,0.0,0.0,-1639.0,454770.0,148984.0,32306.0,20564.0,19459.0,193247.0,141204.0,47710.0,0
127303,0.0,0.0,0.0,0.0,2047.0,176819.0,55179.0,5330.0,5317.0,19758.0,217468.0,30770.0,25376.0,0
128199,0.0,0.0,0.0,0.0,2047.0,659497.0,1364137.0,157287.0,288430.0,67533.0,1645369.0,1316712.0,200175.0,0
129401,0.0,0.0,0.0,0.0,-2048.0,98607.0,32778.0,12157.0,25103.0,18830.0,78204.0,71171.0,30007.0,0
130301,0.0,0.0,0.0,0.0,2047.0,581842.0,308220.0,45998.0,11702.0,18962.0,262665.0,183553.0,67005.0,0
131199,0.0,0.0,0.0,0.0,2047.0,941948.0,89762.0,23206.0,42263.0,32962.0,178499.0,219419.0,83154.0,0
132401,0.0,0.0,0.0,0.0,-2048.0,46435.0,47161.0,12768.0,17682.0,32318.0,124616.0,62274.0,28208.0,0
133301,0.0,0.0,0.0,0.0,-2048.0,782251.0,140732.0,50936.0,32932.0,37665.0,115773.0,162512.0,46119.0,0
134202,0.0,0.0,0.0,0.0,2047.0,348846.0,209288.0,47161.0,18720.0,31358.0,135043.0,163529.0,109038.0,0
135399,0.0,0.0,0.0,0.0,2047.0,303031.0,267160.0,83880.0,29833.0,43652.0,255123.0,379003.0,52464.0,0
136304,0.0,0.0,0.0,0.0,-2048.0,519269.0,155406.0,11275.0,76862.0,44146.0,382911.0,436579.0,81807.0,0
137200,0.0,0.0,0.0,0.0,-2048.0,267838.0,246339.0,47786.0,17783.0,42097.0,190547.0,118713.0,32328.0,0
138402,0.0,0.0,0.0,0.0,2047.0,452726.0,269112.0,65159.0,56522.0,39552.0,159028.0,216276.0,44785.0,0
139302,0.0,0.0,0.0,0.0,2047.0,457570.0,181608.0,5835.0,79446.0,124380.0,230132.0,456512.0,54625.0,0
140203,0.0,0.0,0.0,0.0,-2048.0,336618.0,247367.0,17399.0,67691.0,30517.0,301707.0,277595.0,71675.0,0
141104,0.0,0.0,0.0,0.0,-2048.0,337336.0,112741.0,13743.0,8497.0,23083.0,223926.0,193848.0,49999.0,0
142302,0.0,0.0,0.0,0.0,2047.0,1391598.0,65980.0,40921.0,29655.0,36194.0,205050.0,143506.0,96503.0,0
