998,0.0,0.0,63.0,77.0,53.0,328757.0,37808.0,31855.0,9089.0,7726.0,13145.0,16832.0,15564.0,1
1899,0.0,0.0,77.0,69.0,64.0,90131.0,26544.0,28099.0,8050.0,10694.0,45996.0,7169.0,7362.0,1
2800,0.0,0.0,70.0,66.0,54.0,166307.0,39982.0,6088.0,7971.0,6891.0,12343.0,8707.0,3615.0,1
4001,0.0,0.0,53.0,75.0,53.0,384877.0,80459.0,35724.0,26065.0,6801.0,7068.0,14383.0,4793.0,1
4902,0.0,0.0,43.0,63.0,147.0,1172375.0,241313.0,38848.0,3729.0,12978.0,13222.0,11634.0,12145.0,1
5798,0.0,0.0,27.0,51.0,61.0,586385.0,275866.0,31399.0,11785.0,42052.0,27263.0,15326.0,18062.0,1
6699,0.0,0.0,21.0,54.0,-27.0,594171.0,56900.0,17303.0,3997.0,3309.0,7353.0,10716.0,4624.0,1
7900,0.0,0.0,27.0,56.0,124.0,889895.0,171425.0,162525.0,41646.0,14211.0,42793.0,12897.0,44141.0,1
8800,0.0,0.0,34.0,60.0,83.0,84414.0,53382.0,1986.0,12090.0,6762.0,6969.0,10356.0,7166.0,1
9696,0.0,0.0,34.0,67.0,139.0,451944.0,158520.0,71237.0,8230.0,29152.0,22194.0,35830.0,22371.0,1
10902,0.0,0.0,37.0,78.0,50.0,60817.0,56081.0,55690.0,20922.0,18523.0,22312.0,23406.0,11327.0,1
11799,0.0,0.0,35.0,67.0,13.0,754756.0,220277.0,69918.0,26871.0,22619.0,26435.0,16626.0,28991.0,1
12695,0.0,0.0,38.0,75.0,-27.0,457282.0,77929.0,22534.0,23373.0,20450.0,22736.0,21211.0,7172.0,1
13901,0.0,0.0,50.0,66.0,36.0,1260831.0,33684.0,6331.0,4597.0,18201.0,14368.0,28627.0,13144.0,1
14802,0.0,0.0,41.0,50.0,24.0,209458.0,134715.0,12245.0,7333.0,18113.0,7359.0,10040.0,2885.0,1
15698,0.0,0.0,51.0,41.0,11.0,1071485.0,180000.0,26390.0,14493.0,8695.0,75667.0,35687.0,21219.0,1
16899,0.0,0.0,47.0,35.0,76.0,321089.0,92556.0,12970.0,5383.0,9577.0,9937.0,4150.0,5782.0,1
17800,0.0,0.0,44.0,40.0,155.0,575845.0,70039.0,15726.0,17523.0,23253.0,25939.0,14577.0,19381.0,1
18701,0.0,0.0,66.0,50.0,104.0,63835.0,20864.0,13343.0,12245.0,3508.0,43671.0,11026.0,8676.0,1
19902,0.0,0.0,60.0,66.0,-65.0,702032.0,57804.0,28747.0,89902.0,46829.0,28250.0,56596.0,9275.0,1
20798,0.0,0.0,60.0,63.0,57.0,1284619.0,230220.0,12758.0,20263.0,33327.0,23439.0,13596.0,10539.0,1
21699,0.0,0.0,60.0,66.0,-45.0,137170.0,109874.0,39303.0,26228.0,23094.0,40879.0,29840.0,10353.0,1
22900,0.0,0.0,54.0,74.0,75.0,5263.0,8694.0,8350.0,19585.0,9815.0,16913.0,12726.0,8279.0,1
23801,0.0,0.0,54.0,67.0,61.0,626351.0,127090.0,20165.0,72242.0,18954.0,33606.0,10502.0,18909.0,1
24697,0.0,0.0,54.0,53.0,136.0,764658.0,190480.0,990.0,1883.0,7868.0,14658.0,7950.0,25020.0,1
25903,0.0,0.0,48.0,41.0,-6.0,128700.0,103799.0,9050.0,1939.0,2840.0,13234.0,10170.0,3596.0,1
26799,0.0,0.0,50.0,41.0,-5.0,191802.0,9489.0,22218.0,6001.0,8425.0,20742.0,26261.0,7161.0,1
27700,0.0,0.0,57.0,37.0,27.0,12116.0,18638.0,3144.0,11064.0,12686.0,20336.0,17134.0,13706.0,1
28896,0.0,0.0,66.0,66.0,100.0,174509.0,30421.0,13070.0,19867.0,24318.0,17200.0,13844.0,12732.0,1
29802,0.0,0.0,64.0,80.0,-75.0,535987.0,118281.0,49818.0,34085.0,34641.0,16085.0,30533.0,5232.0,1
30698,0.0,0.0,63.0,69.0,-1.0,74329.0,42807.0,14651.0,4187.0,23830.0,29439.0,24763.0,19289.0,1
31599,0.0,0.0,69.0,64.0,12.0,31918.0,21873.0,3273.0,5169.0,14681.0,35490.0,22553.0,12215.0,1
32800,0.0,0.0,78.0,54.0,-14.0,10249.0,21720.0,5052.0,6813.0,22611.0,29323.0,13665.0,11254.0,1
33701,0.0,0.0,93.0,54.0,74.0,11904.0,17339.0,6999.0,18740.0,9049.0,27215.0,12884.0,7955.0,1
34602,0.0,0.0,90.0,57.0,12.0,130656.0,65270.0,19392.0,15578.0,5861.0,28733.0,8671.0,11378.0,1
35800,0.0,0.0,87.0,67.0,-53.0,8403.0,12651.0,4608.0,11343.0,6402.0,20446.0,14172.0,7638.0,1
36696,0.0,0.0,84.0,60.0,54.0,254341.0,36650.0,2592.0,1699.0,9640.0,27231.0,10187.0,10339.0,1
37602,0.0,0.0,77.0,56.0,85.0,168966.0,86701.0,18684.0,12778.0,7718.0,23746.0,14089.0,7132.0,1
38798,0.0,0.0,80.0,53.0,43.0,118465.0,8807.0,2992.0,2038.0,5507.0,6629.0,1478.0,2489.0,1
39699,0.0,0.0,77.0,51.0,-9.0,21251.0,24890.0,6118.0,11571.0,10169.0,18299.0,8677.0,6985.0,1
40600,0.0,0.0,74.0,66.0,36.0,6097.0,18080.0,21300.0,4159.0,19115.0,20931.0,15371.0,18988.0,1
41798,0.0,0.0,74.0,67.0,88.0,159934.0,94280.0,33681.0,23322.0,8883.0,32391.0,11867.0,5250.0,1
42699,0.0,0.0,70.0,67.0,105.0,294748.0,68160.0,21868.0,11637.0,55365.0,32219.0,11905.0,9321.0,1
43602,0.0,0.0,70.0,64.0,10.0,14881.0,35201.0,6526.0,7966.0,15025.0,23776.0,5650.0,6077.0,1
44798,0.0,0.0,75.0,56.0,74.0,23036.0,21891.0,8440.0,3098.0,14566.0,29654.0,25507.0,7494.0,1
45701,0.0,0.0,87.0,54.0,85.0,9394.0,10788.0,7887.0,11900.0,19938.0,27772.0,12722.0,6088.0,1
46597,0.0,0.0,90.0,60.0,38.0,16892.0,18778.0,7663.0,14571.0,6857.0,24135.0,12726.0,9795.0,1
47800,0.0,0.0,83.0,66.0,26.0,124325.0,63902.0,13134.0,31942.0,25612.0,19790.0,6383.0,7506.0,1
48701,0.0,0.0,84.0,70.0,29.0,19353.0,15423.0,13067.0,5578.0,6180.0,40065.0,4396.0,6381.0,1
49602,0.0,0.0,80.0,70.0,61.0,23978.0,35525.0,7268.0,17667.0,13823.0,26520.0,10909.0,9556.0,1
50803,0.0,0.0,84.0,63.0,59.0,6961.0,15155.0,4695.0,2160.0,13415.0,22496.0,23785.0,6247.0,1
51699,0.0,0.0,91.0,51.0,43.0,122399.0,138846.0,19016.0,6337.0,7247.0,67266.0,25561.0,6144.0,1
52600,0.0,0.0,84.0,50.0,-8.0,4216.0,14380.0,5245.0,4423.0,12237.0,11823.0,16160.0,9608.0,1
53796,0.0,0.0,91.0,54.0,119.0,9111.0,11636.0,18628.0,10167.0,9972.0,33148.0,10365.0,7122.0,1
54702,0.0,0.0,88.0,63.0,51.0,6051.0,12059.0,5159.0,17220.0,14390.0,26869.0,18120.0,7587.0,1
55598,0.0,0.0,90.0,70.0,25.0,13910.0,30724.0,5100.0,13441.0,5408.0,28413.0,14194.0,8965.0,1
57703,0.0,0.0,90.0,69.0,80.0,2698.0,11334.0,18229.0,10693.0,8081.0,31336.0,12738.0,7711.0,1
58599,0.0,0.0,80.0,69.0,37.0,95792.0,55578.0,24385.0,12342.0,30412.0,17193.0,11202.0,8255.0,1
59500,0.0,0.0,81.0,70.0,104.0,443151.0,16987.0,15298.0,2572.0,5678.0,25508.0,20410.0,14018.0,1
60701,0.0,0.0,70.0,70.0,-19.0,574165.0,169207.0,34468.0,21098.0,70909.0,33229.0,21224.0,9752.0,1
61599,0.0,0.0,53.0,63.0,118.0,760353.0,104085.0,29613.0,2246.0,7537.0,12679.0,14519.0,5951.0,1
62500,0.0,0.0,50.0,54.0,91.0,485337.0,333391.0,25712.0,20669.0,31755.0,37388.0,21944.0,16110.0,1
63699,0.0,0.0,40.0,57.0,42.0,301779.0,74734.0,60098.0,26120.0,16377.0,35881.0,39663.0,17802.0,1
64600,0.0,0.0,43.0,69.0,83.0,16273.0,17299.0,18920.0,19452.0,23076.0,14199.0,9029.0,15449.0,1
65503,0.0,0.0,54.0,74.0,35.0,654753.0,43797.0,15734.0,32128.0,25160.0,39457.0,5731.0,16828.0,1
66699,0.0,0.0,56.0,80.0,-37.0,1943773.0,161508.0,25324.0,24131.0,29809.0,25286.0,36133.0,38882.0,1
67599,0.0,0.0,54.0,70.0,92.0,344465.0,93719.0,15694.0,12550.0,7867.0,20314.0,20564.0,4757.0,1
68495,0.0,0.0,60.0,64.0,103.0,17654.0,25684.0,7458.0,17619.0,21908.0,29711.0,9363.0,18967.0,1
69703,0.0,0.0,63.0,66.0,-33.0,22404.0,10847.0,18057.0,2998.0,14108.0,16869.0,7337.0,5204.0,1
70599,0.0,0.0,80.0,64.0,-8.0,14084.0,4268.0,3898.0,3389.0,25622.0,13612.0,16394.0,8802.0,1
71500,0.0,0.0,97.0,64.0,16.0,9163.0,2902.0,4007.0,5033.0,13578.0,24082.0,8590.0,15650.0,1
72702,0.0,0.0,88.0,67.0,102.0,539985.0,98311.0,19022.0,54614.0,6969.0,25708.0,11096.0,14067.0,1
73603,0.0,0.0,84.0,56.0,19.0,223023.0,92910.0,5477.0,11103.0,16867.0,44751.0,11806.0,15674.0,1
74499,0.0,0.0,84.0,61.0,20.0,311260.0,5851.0,1551.0,6232.0,4049.0,13923.0,6153.0,2758.0,1
75695,0.0,0.0,63.0,50.0,8.0,2314320.0,158236.0,1589.0,9917.0,23577.0,19837.0,18216.0,37715.0,1
76601,0.0,0.0,61.0,41.0,72.0,178421.0,116887.0,19877.0,6477.0,12191.0,16453.0,23097.0,17118.0,1
77502,0.0,0.0,74.0,43.0,25.0,3432.0,12976.0,2482.0,6307.0,10713.0,37255.0,9250.0,11994.0,1
78703,0.0,0.0,74.0,43.0,75.0,5817.0,9711.0,5460.0,7059.0,4088.0,19642.0,8425.0,10480.0,1
79599,0.0,0.0,84.0,64.0,90.0,7526.0,15732.0,11327.0,22466.0,4878.0,26791.0,10079.0,16583.0,1
80495,0.0,0.0,90.0,69.0,-291.0,30235.0,48819.0,6099.0,30570.0,35589.0,23379.0,11617.0,9216.0,1
81396,0.0,0.0,63.0,70.0,-11.0,1227253.0,292886.0,21221.0,41208.0,38598.0,17288.0,13033.0,10971.0,1
82602,0.0,0.0,48.0,77.0,87.0,1516542.0,56760.0,30914.0,16442.0,8628.0,11870.0,10463.0,7768.0,1
83498,0.0,0.0,30.0,64.0,201.0,599204.0,162203.0,28839.0,3500.0,7937.0,11548.0,27598.0,15359.0,1
84399,0.0,0.0,26.0,57.0,98.0,595973.0,50616.0,3584.0,8242.0,6719.0,8490.0,11318.0,6497.0,1
85600,0.0,0.0,29.0,66.0,193.0,877371.0,39016.0,20540.0,6598.0,10250.0,5220.0,9834.0,6322.0,1
86501,0.0,0.0,34.0,70.0,169.0,1321907.0,15021.0,28359.0,12437.0,7424.0,9395.0,4711.0,3154.0,1
87400,0.0,0.0,44.0,75.0,77.0,21702.0,1756.0,75.0,571.0,286.0,706.0,1096.0,247.0,1
88600,0.0,0.0,43.0,90.0,-46.0,323691.0,85965.0,93582.0,35146.0,11034.0,26235.0,14741.0,26260.0,1
89498,0.0,0.0,48.0,77.0,71.0,1838791.0,285595.0,10336.0,23254.0,19978.0,50257.0,28737.0,37440.0,1
90402,0.0,0.0,48.0,66.0,45.0,2121430.0,243225.0,59456.0,48173.0,28719.0,60282.0,15564.0,24258.0,1
91600,0.0,0.0,43.0,61.0,39.0,626964.0,30236.0,2604.0,3094.0,9104.0,5434.0,3147.0,3286.0,1
92496,0.0,0.0,50.0,50.0,-23.0,13266.0,35275.0,4561.0,9049.0,9924.0,13376.0,8710.0,14145.0,1
93403,0.0,0.0,44.0,51.0,-3.0,256701.0,102852.0,9652.0,9945.0,25315.0,9040.0,18586.0,11735.0,1
94599,0.0,0.0,53.0,50.0,67.0,437921.0,43353.0,10914.0,14444.0,12278.0,37157.0,26061.0,15587.0,1
95500,0.0,0.0,53.0,60.0,5.0,1132136.0,151944.0,63232.0,27071.0,13193.0,40210.0,43991.0,23942.0,1
96401,0.0,0.0,53.0,60.0,124.0,107528.0,99549.0,33906.0,2540.0,12198.0,33615.0,6752.0,15381.0,1
97599,0.0,0.0,64.0,60.0,29.0,483138.0,99085.0,16970.0,9328.0,37392.0,48565.0,21681.0,15883.0,1
98500,0.0,0.0,66.0,66.0,-27.0,5749.0,7258.0,14020.0,9361.0,10997.0,23689.0,39958.0,14275.0,1
99401,0.0,0.0,83.0,57.0,-123.0,11820.0,13009.0,5080.0,7165.0,12624.0,37447.0,39024.0,37971.0,1
100602,0.0,0.0,77.0,61.0,97.0,672362.0,199138.0,57699.0,32494.0,8101.0,26704.0,16169.0,15346.0,1
101503,0.0,0.0,70.0,69.0,148.0,1472481.0,231950.0,31150.0,80212.0,31747.0,55101.0,57740.0,50632.0,1
102399,0.0,0.0,54.0,66.0,-70.0,706863.0,44354.0,5440.0,20039.0,14651.0,6442.0,6667.0,7295.0,1
103600,0.0,0.0,34.0,64.0,1.0,724950.0,226728.0,30745.0,12189.0,12340.0,27418.0,30728.0,7406.0,1
104501,0.0,0.0,35.0,60.0,-36.0,472139.0,64854.0,13800.0,3973.0,13937.0,10697.0,9973.0,5172.0,1
105402,0.0,0.0,30.0,64.0,5.0,370125.0,210404.0,82071.0,64941.0,12117.0,35441.0,26318.0,15128.0,1
106295,0.0,0.0,43.0,63.0,81.0,22345.0,47734.0,27737.0,6831.0,15848.0,35279.0,7081.0,11720.0,1
107501,0.0,0.0,50.0,77.0,-11.0,82071.0,37164.0,39579.0,18989.0,23212.0,20381.0,6529.0,14562.0,1
108402,0.0,0.0,53.0,87.0,-6.0,270064.0,43120.0,38981.0,42246.0,34455.0,25560.0,13598.0,9263.0,1
109303,0.0,0.0,60.0,74.0,-10.0,47656.0,124567.0,13165.0,7405.0,7983.0,34903.0,19090.0,6496.0,1
110499,0.0,0.0,50.0,69.0,61.0,86703.0,68094.0,16056.0,6281.0,16624.0,9925.0,3741.0,8133.0,1
111400,0.0,0.0,48.0,57.0,26.0,674040.0,140368.0,7246.0,36635.0,25786.0,35729.0,20172.0,25501.0,1
112301,0.0,0.0,54.0,48.0,163.0,65956.0,27266.0,9102.0,9290.0,37685.0,19096.0,16440.0,6811.0,1
113497,0.0,0.0,51.0,53.0,-26.0,2962784.0,241829.0,39932.0,36076.0,15858.0,58358.0,17578.0,8701.0,1
114400,0.0,0.0,50.0,43.0,51.0,567769.0,225376.0,5821.0,16686.0,27158.0,22318.0,9509.0,16929.0,1
115301,0.0,0.0,56.0,50.0,50.0,6277.0,14152.0,7873.0,16662.0,27694.0,18168.0,19591.0,16687.0,1
116499,0.0,0.0,54.0,50.0,11.0,516532.0,45720.0,5334.0,11179.0,9075.0,23376.0,25102.0,7163.0,1
